# Bond          Angle    Proper Dih.       Gaussian        LJ (SR)
1     7.90691e-01    2.15578e-02    4.00477e-03   -1.28596e+03   -6.93105e+00
2     1.01326e+02    7.88369e+01    2.56206e+01   -1.10044e+03   -8.13360e+00
3     1.23158e+02    7.55331e+01    2.20415e+01   -1.11778e+03   -8.47122e+00
4     1.22285e+02    7.11736e+01    2.17712e+01   -1.12141e+03   -7.00352e+00
5     1.16602e+02    7.10933e+01    2.09009e+01   -1.11752e+03   -7.09298e+00
6     1.32116e+02    7.38247e+01    2.84978e+01   -1.11058e+03   -8.74228e+00
7     1.19413e+02    7.79399e+01    2.82827e+01   -1.09765e+03   -9.81906e+00
8     1.24720e+02    8.96782e+01    3.71361e+01   -1.09921e+03   -9.19998e+00
9     1.43615e+02    7.92175e+01    3.02343e+01   -1.08449e+03   -8.58779e+00
10     1.35458e+02    9.06865e+01    3.07175e+01   -1.08688e+03   -8.70534e+00
11     1.50412e+02    8.85913e+01    3.18595e+01   -1.07317e+03   -8.49416e+00
12     1.44321e+02    9.47179e+01    3.68132e+01   -1.08904e+03   -7.73198e+00
13     1.48566e+02    8.01394e+01    3.63544e+01   -1.08464e+03   -7.21468e+00
14     1.58899e+02    9.76133e+01    3.58931e+01   -1.06966e+03   -7.52788e+00
15     1.51420e+02    9.26511e+01    3.62563e+01   -1.07320e+03   -8.30417e+00
16     1.56040e+02    1.02238e+02    3.73830e+01   -1.06296e+03   -9.01876e+00
17     1.49646e+02    1.03317e+02    3.37031e+01   -1.05107e+03   -9.42280e+00
18     1.38847e+02    9.31868e+01    2.84063e+01   -1.04824e+03   -8.23990e+00
19     1.61387e+02    9.92763e+01    2.94785e+01   -1.02728e+03   -8.43090e+00
20     1.59341e+02    1.04763e+02    3.43722e+01   -1.04091e+03   -8.79002e+00
21     1.46863e+02    9.99294e+01    3.88715e+01   -1.01866e+03   -8.59336e+00
22     1.74315e+02    1.01971e+02    3.63777e+01   -1.02994e+03   -8.69422e+00
23     1.69015e+02    1.05393e+02    3.93743e+01   -1.02244e+03   -8.76040e+00
24     1.56662e+02    1.22712e+02    4.12007e+01   -1.02312e+03   -7.93458e+00
25     1.69222e+02    1.15809e+02    4.44831e+01   -1.02220e+03   -7.98243e+00
26     1.70288e+02    9.93973e+01    4.12673e+01   -1.01640e+03   -7.87435e+00
27     1.75212e+02    1.25485e+02    4.32633e+01   -1.02624e+03   -8.33928e+00
28     1.73655e+02    1.09706e+02    6.06652e+01   -1.00531e+03   -8.87505e+00
29     1.55870e+02    1.25581e+02    4.76685e+01   -1.01388e+03   -8.77515e+00
30     1.69565e+02    1.19240e+02    5.26448e+01   -1.00933e+03   -8.70373e+00
31     1.76891e+02    1.12248e+02    5.84712e+01   -9.97865e+02   -9.86988e+00
32     1.88829e+02    1.30227e+02    5.76563e+01   -9.90409e+02   -1.05593e+01
33     1.88439e+02    1.26436e+02    5.15209e+01   -9.85323e+02   -1.07824e+01
34     1.73777e+02    1.29458e+02    5.06051e+01   -9.83542e+02   -1.09797e+01
35     1.83071e+02    1.34537e+02    5.18760e+01   -9.79901e+02   -1.05811e+01
36     1.88554e+02    1.22369e+02    4.98634e+01   -9.65726e+02   -1.09083e+01
37     1.80020e+02    1.39211e+02    4.78887e+01   -9.86431e+02   -8.86402e+00
38     1.67489e+02    1.13167e+02    5.03177e+01   -9.91579e+02   -8.99924e+00
39     1.98435e+02    1.32873e+02    5.43350e+01   -9.60902e+02   -9.39679e+00
40     2.01896e+02    9.92552e+01    5.46508e+01   -9.56591e+02   -1.08049e+01
41     1.93936e+02    1.46695e+02    5.62471e+01   -9.56050e+02   -1.04956e+01
42     1.83962e+02    1.22113e+02    5.71955e+01   -9.70805e+02   -9.07218e+00
43     1.91168e+02    1.33032e+02    6.17768e+01   -9.45794e+02   -9.10935e+00
44     2.05639e+02    1.37833e+02    5.79381e+01   -9.53146e+02   -9.71611e+00
45     2.02057e+02    1.14236e+02    5.45312e+01   -9.59752e+02   -9.26540e+00
46     1.87149e+02    1.33942e+02    5.71383e+01   -9.70762e+02   -9.40623e+00
47     1.89697e+02    1.13470e+02    5.12352e+01   -9.73492e+02   -9.28117e+00
48     1.81363e+02    1.27653e+02    5.44484e+01   -9.51879e+02   -9.91965e+00
49     1.74349e+02    1.41957e+02    4.99324e+01   -9.62189e+02   -1.00818e+01
50     1.95534e+02    1.44384e+02    4.64851e+01   -9.72983e+02   -1.02624e+01
51     1.94758e+02    1.37207e+02    5.79221e+01   -9.66939e+02   -1.04901e+01
52     1.92009e+02    1.34289e+02    5.06745e+01   -9.32095e+02   -1.07825e+01
53     2.13664e+02    1.31252e+02    5.51650e+01   -9.34042e+02   -1.17193e+01
54     2.08432e+02    1.38183e+02    5.28572e+01   -9.47164e+02   -1.29750e+01
55     2.02568e+02    1.23233e+02    5.22161e+01   -9.39415e+02   -1.24412e+01
56     2.06899e+02    1.32959e+02    5.69289e+01   -9.54680e+02   -1.22741e+01
57     2.02541e+02    1.39396e+02    5.67670e+01   -9.49378e+02   -1.12543e+01
58     2.01826e+02    1.32364e+02    5.50353e+01   -9.54800e+02   -1.06750e+01
59     1.98123e+02    1.35702e+02    5.55352e+01   -9.76031e+02   -1.06563e+01
60     2.01910e+02    1.23227e+02    5.15082e+01   -9.72083e+02   -1.00189e+01
61     1.72880e+02    1.41885e+02    5.21620e+01   -9.66750e+02   -1.09747e+01
62     1.92972e+02    1.27393e+02    5.83509e+01   -9.62456e+02   -1.16158e+01
63     1.94062e+02    1.36842e+02    5.63832e+01   -9.35472e+02   -1.11417e+01
64     1.84122e+02    1.40639e+02    5.88490e+01   -9.40057e+02   -1.03086e+01
65     2.09941e+02    1.38956e+02    5.92653e+01   -9.37217e+02   -8.95684e+00
66     2.04840e+02    1.42957e+02    4.91163e+01   -9.48789e+02   -1.02456e+01
67     2.10928e+02    1.42551e+02    5.79382e+01   -9.71254e+02   -1.05736e+01
68     1.98143e+02    1.40553e+02    5.70308e+01   -9.45355e+02   -1.18596e+01
69     1.99018e+02    1.41665e+02    6.47006e+01   -9.41008e+02   -1.15617e+01
70     2.18549e+02    1.45567e+02    7.09979e+01   -9.51765e+02   -1.06981e+01
71     2.07542e+02    1.35227e+02    6.45299e+01   -9.29756e+02   -1.06983e+01
72     2.01557e+02    1.51562e+02    6.68645e+01   -9.40904e+02   -1.05945e+01
73     2.10972e+02    1.34413e+02    5.51318e+01   -9.51608e+02   -1.08692e+01
74     2.13224e+02    1.50624e+02    5.45459e+01   -9.44831e+02   -9.47907e+00
75     1.91155e+02    1.35449e+02    6.53872e+01   -9.50531e+02   -8.65645e+00
76     2.13652e+02    1.44680e+02    5.92513e+01   -9.49078e+02   -7.94563e+00
77     2.23203e+02    1.39808e+02    5.63277e+01   -9.63292e+02   -8.84363e+00
78     2.05750e+02    1.50874e+02    5.60705e+01   -9.73044e+02   -9.40456e+00
79     1.93959e+02    1.65542e+02    5.96183e+01   -9.71584e+02   -9.26266e+00
80     1.93887e+02    1.34652e+02    5.34593e+01   -9.65420e+02   -9.35371e+00
81     1.99511e+02    1.65162e+02    6.12406e+01   -9.66460e+02   -9.53916e+00
82     2.03485e+02    1.53777e+02    6.20213e+01   -9.37711e+02   -9.52472e+00
83     1.88504e+02    1.38415e+02    5.85066e+01   -9.29329e+02   -8.53631e+00
84     1.83754e+02    1.39875e+02    6.37228e+01   -9.37594e+02   -8.36772e+00
85     1.87490e+02    1.19686e+02    6.62604e+01   -9.25802e+02   -9.38025e+00
86     2.00117e+02    1.37103e+02    6.70226e+01   -9.35591e+02   -9.23056e+00
87     1.80689e+02    1.56311e+02    6.86886e+01   -9.25207e+02   -9.80715e+00
88     1.78409e+02    1.33924e+02    6.26001e+01   -9.26434e+02   -9.90297e+00
89     1.72882e+02    1.30403e+02    6.35726e+01   -9.18585e+02   -1.03506e+01
90     1.83821e+02    1.57839e+02    6.61758e+01   -9.12632e+02   -1.00695e+01
91     1.85463e+02    1.44210e+02    6.72760e+01   -9.08716e+02   -9.87080e+00
92     1.90371e+02    1.28771e+02    6.24127e+01   -9.48799e+02   -9.24558e+00
93     2.01869e+02    1.44347e+02    7.53908e+01   -9.45662e+02   -1.01400e+01
94     2.16605e+02    1.41490e+02    7.46958e+01   -9.22336e+02   -1.02139e+01
95     1.90091e+02    1.31695e+02    6.20754e+01   -9.19408e+02   -1.14461e+01
96     1.83388e+02    1.32833e+02    6.69828e+01   -9.10891e+02   -1.33271e+01
97     1.88011e+02    1.62035e+02    6.85576e+01   -9.12657e+02   -1.23100e+01
98     1.90836e+02    1.45245e+02    7.33860e+01   -9.11465e+02   -1.22885e+01
99     1.81953e+02    1.40310e+02    6.66092e+01   -9.12446e+02   -1.26065e+01
100     1.89912e+02    1.44660e+02    6.66939e+01   -8.90104e+02   -1.38948e+01
101     2.00275e+02    1.42163e+02    7.16041e+01   -8.91394e+02   -1.38133e+01
102     1.96008e+02    1.40139e+02    6.63085e+01   -8.90093e+02   -1.11246e+01
103     1.85688e+02    1.47186e+02    6.44997e+01   -8.98525e+02   -1.35767e+01
104     2.03537e+02    1.47421e+02    7.47073e+01   -9.06133e+02   -1.32160e+01
105     2.06419e+02    1.56939e+02    7.89462e+01   -9.09484e+02   -1.31051e+01
106     2.01032e+02    1.32647e+02    7.29653e+01   -8.98984e+02   -1.28883e+01
107     2.07708e+02    1.43132e+02    7.62151e+01   -9.17725e+02   -1.28917e+01
108     2.13596e+02    1.40509e+02    8.18055e+01   -9.28762e+02   -1.25357e+01
109     1.94452e+02    1.46909e+02    7.36958e+01   -8.82029e+02   -1.45148e+01
110     2.00040e+02    1.56094e+02    7.06483e+01   -8.81867e+02   -1.44485e+01
111     1.99628e+02    1.46712e+02    6.76875e+01   -9.02439e+02   -1.21065e+01
112     1.98460e+02    1.39879e+02    6.80569e+01   -8.95631e+02   -1.19557e+01
113     1.86780e+02    1.41317e+02    7.81415e+01   -8.80584e+02   -1.18290e+01
114     2.06697e+02    1.44091e+02    7.84142e+01   -8.77187e+02   -1.20341e+01
115     2.14077e+02    1.49336e+02    6.79613e+01   -8.87035e+02   -1.20089e+01
116     2.05749e+02    1.48657e+02    6.78652e+01   -8.96104e+02   -1.19659e+01
117     1.97415e+02    1.44375e+02    6.15425e+01   -8.99617e+02   -1.32702e+01
118     2.38402e+02    1.45681e+02    6.57211e+01   -8.79142e+02   -1.25410e+01
119     2.10894e+02    1.56209e+02    6.81906e+01   -8.76515e+02   -1.22437e+01
120     2.22904e+02    1.49953e+02    6.28844e+01   -8.71111e+02   -1.23848e+01
121     2.02823e+02    1.35127e+02    6.71236e+01   -8.79973e+02   -1.09891e+01
122     1.97386e+02    1.56852e+02    7.71650e+01   -8.52540e+02   -1.16171e+01
123     2.07348e+02    1.61850e+02    7.31661e+01   -8.68067e+02   -1.28832e+01
124     1.94993e+02    1.57469e+02    6.20894e+01   -8.81175e+02   -1.30802e+01
125     2.04224e+02    1.37064e+02    6.91732e+01   -8.77654e+02   -1.16096e+01
126     2.13722e+02    1.63247e+02    6.85531e+01   -8.87544e+02   -1.45347e+01
127     2.01066e+02    1.58142e+02    6.55676e+01   -9.01934e+02   -1.58675e+01
128     2.11361e+02    1.56559e+02    7.47132e+01   -8.88486e+02   -1.73282e+01
129     1.97463e+02    1.50037e+02    7.02509e+01   -8.81443e+02   -1.62040e+01
130     2.00533e+02    1.55971e+02    7.47872e+01   -8.76757e+02   -1.52049e+01
131     1.91556e+02    1.51555e+02    7.97718e+01   -8.65247e+02   -1.68513e+01
132     2.07363e+02    1.42858e+02    8.16838e+01   -8.73438e+02   -1.73661e+01
133     1.87250e+02    1.47097e+02    8.24352e+01   -8.63234e+02   -1.59234e+01
134     1.77590e+02    1.59665e+02    8.83590e+01   -8.71143e+02   -1.39979e+01
135     1.95835e+02    1.62774e+02    7.76025e+01   -8.78846e+02   -1.70764e+01
136     2.07291e+02    1.42702e+02    8.30203e+01   -8.97814e+02   -1.58524e+01
137     2.01535e+02    1.62695e+02    8.15210e+01   -9.10657e+02   -1.32048e+01
138     2.04790e+02    1.30678e+02    6.41162e+01   -9.07780e+02   -1.50116e+01
139     1.91094e+02    1.62070e+02    6.27364e+01   -9.28562e+02   -1.56398e+01
140     1.87991e+02    1.36361e+02    8.19824e+01   -9.10086e+02   -1.39692e+01
141     1.91083e+02    1.56231e+02    6.54922e+01   -8.97967e+02   -1.15685e+01
142     1.84594e+02    1.53086e+02    7.11320e+01   -8.96114e+02   -1.07811e+01
143     1.90646e+02    1.38272e+02    7.82606e+01   -8.94142e+02   -1.07680e+01
144     1.75490e+02    1.66770e+02    7.31311e+01   -8.86017e+02   -1.11814e+01
145     1.92748e+02    1.48498e+02    6.91555e+01   -8.97899e+02   -9.81416e+00
146     2.00778e+02    1.32377e+02    7.58242e+01   -9.07991e+02   -1.23302e+01
147     1.84969e+02    1.48899e+02    7.85481e+01   -9.04979e+02   -1.13121e+01
148     1.93501e+02    1.42206e+02    8.58921e+01   -9.23968e+02   -1.13091e+01
149     1.82212e+02    1.55210e+02    7.89982e+01   -9.05099e+02   -1.28743e+01
150     1.90953e+02    1.46999e+02    7.75257e+01   -8.90827e+02   -1.38475e+01
151     1.76757e+02    1.40476e+02    6.50380e+01   -9.24864e+02   -1.13199e+01
152     1.87048e+02    1.38364e+02    6.37467e+01   -8.99905e+02   -1.01872e+01
153     1.87710e+02    1.49480e+02    6.64048e+01   -9.05764e+02   -1.06990e+01
154     1.88607e+02    1.34544e+02    7.51587e+01   -8.89865e+02   -1.16844e+01
155     1.84275e+02    1.30765e+02    7.42704e+01   -8.90542e+02   -1.23930e+01
156     1.99438e+02    1.43466e+02    7.93262e+01   -8.71689e+02   -1.17793e+01
157     1.75835e+02    1.36535e+02    7.05238e+01   -8.70710e+02   -1.21232e+01
158     1.77850e+02    1.26902e+02    7.58389e+01   -8.95142e+02   -1.35543e+01
159     1.87622e+02    1.49348e+02    8.01756e+01   -8.84020e+02   -1.37162e+01
160     1.92242e+02    1.43050e+02    7.37329e+01   -8.99546e+02   -1.34423e+01
161     1.96046e+02    1.42077e+02    8.40199e+01   -8.94526e+02   -1.38558e+01
162     1.97977e+02    1.52040e+02    6.90253e+01   -9.05125e+02   -1.26811e+01
163     2.05859e+02    1.43816e+02    7.27020e+01   -8.83363e+02   -1.09167e+01
164     1.85025e+02    1.35497e+02    7.34563e+01   -8.69434e+02   -1.17454e+01
165     1.91363e+02    1.34714e+02    6.85261e+01   -8.80140e+02   -1.28889e+01
166     1.97349e+02    1.40651e+02    6.81716e+01   -8.71284e+02   -1.27125e+01
167     1.91833e+02    1.48685e+02    7.21141e+01   -8.94516e+02   -1.11963e+01
168     1.97263e+02    1.41789e+02    6.47454e+01   -8.88878e+02   -1.20385e+01
169     1.77003e+02    1.43723e+02    7.41157e+01   -8.77747e+02   -1.36460e+01
170     1.99329e+02    1.47140e+02    7.83621e+01   -8.54946e+02   -1.43248e+01
171     1.88431e+02    1.52153e+02    8.17721e+01   -8.90148e+02   -1.34853e+01
172     1.76178e+02    1.46489e+02    7.28966e+01   -8.84732e+02   -1.23984e+01
173     1.92728e+02    1.43532e+02    7.43140e+01   -8.73682e+02   -1.66642e+01
174     1.91922e+02    1.54703e+02    7.89506e+01   -8.66967e+02   -1.67068e+01
175     1.77876e+02    1.45796e+02    8.76414e+01   -8.76225e+02   -1.69891e+01
176     2.01091e+02    1.45637e+02    8.41361e+01   -8.54818e+02   -1.52292e+01
177     2.04496e+02    1.50725e+02    7.46542e+01   -8.67879e+02   -1.38628e+01
178     2.09712e+02    1.54999e+02    8.00011e+01   -8.88952e+02   -1.43912e+01
179     1.95780e+02    1.48783e+02    7.70413e+01   -8.72639e+02   -1.30994e+01
180     1.86952e+02    1.46647e+02    7.60127e+01   -8.64194e+02   -1.17352e+01
181     1.75733e+02    1.48148e+02    8.41976e+01   -8.69764e+02   -1.27751e+01
182     1.92499e+02    1.66094e+02    8.21832e+01   -8.82664e+02   -1.25212e+01
183     2.12401e+02    1.42500e+02    7.54089e+01   -8.76426e+02   -1.16661e+01
184     1.94172e+02    1.44897e+02    7.30136e+01   -8.82209e+02   -1.22688e+01
185     1.91563e+02    1.60819e+02    6.32131e+01   -8.93163e+02   -1.28495e+01
186     1.80378e+02    1.63516e+02    6.68813e+01   -8.75337e+02   -1.38666e+01
187     1.80773e+02    1.54946e+02    6.27952e+01   -8.64556e+02   -1.29909e+01
188     2.03013e+02    1.64694e+02    7.22459e+01   -8.85717e+02   -1.15556e+01
189     1.96280e+02    1.41095e+02    7.12950e+01   -8.81959e+02   -1.28057e+01
190     2.12783e+02    1.45774e+02    6.91236e+01   -8.61122e+02   -1.51525e+01
191     2.10567e+02    1.56358e+02    7.46089e+01   -8.65305e+02   -1.72528e+01
192     1.92376e+02    1.54007e+02    6.76484e+01   -8.75205e+02   -1.73136e+01
193     2.06660e+02    1.48600e+02    8.20175e+01   -8.79652e+02   -1.62643e+01
194     2.07074e+02    1.60242e+02    7.50090e+01   -8.71547e+02   -1.32176e+01
195     2.20355e+02    1.42722e+02    6.97835e+01   -8.74958e+02   -1.16719e+01
196     2.06602e+02    1.41683e+02    7.41679e+01   -8.87342e+02   -1.47236e+01
197     1.88723e+02    1.52842e+02    7.55637e+01   -8.88954e+02   -1.52998e+01
198     1.99061e+02    1.40681e+02    7.13723e+01   -9.03917e+02   -1.64374e+01
199     2.10580e+02    1.47604e+02    7.28896e+01   -8.92132e+02   -1.66961e+01
200     2.06416e+02    1.46153e+02    7.10875e+01   -9.10428e+02   -1.76298e+01
201     1.83758e+02    1.56879e+02    7.58092e+01   -9.08865e+02   -1.54142e+01
202     2.10436e+02    1.43343e+02    8.10849e+01   -8.86443e+02   -1.74416e+01
203     2.00100e+02    1.36243e+02    8.25544e+01   -9.00437e+02   -1.92026e+01
204     2.14001e+02    1.47056e+02    8.11431e+01   -8.99768e+02   -2.21090e+01
205     2.19201e+02    1.38144e+02    8.25469e+01   -8.91914e+02   -1.72377e+01
206     2.08073e+02    1.55191e+02    8.96921e+01   -9.05020e+02   -1.79918e+01
207     1.99465e+02    1.50840e+02    8.84571e+01   -8.88914e+02   -2.02116e+01
208     1.99769e+02    1.48145e+02    8.01959e+01   -8.84570e+02   -1.95647e+01
209     2.15341e+02    1.54506e+02    8.25242e+01   -8.92684e+02   -1.82975e+01
210     1.94982e+02    1.58864e+02    7.77691e+01   -8.71449e+02   -1.84437e+01
211     1.90285e+02    1.49530e+02    7.26357e+01   -8.87270e+02   -2.18932e+01
212     1.86748e+02    1.41734e+02    8.40245e+01   -9.02499e+02   -2.15142e+01
213     2.07331e+02    1.36579e+02    8.18410e+01   -9.02862e+02   -1.97758e+01
214     2.08399e+02    1.62633e+02    7.78330e+01   -8.64836e+02   -1.75625e+01
215     1.78094e+02    1.66123e+02    7.65732e+01   -8.78855e+02   -2.27493e+01
216     2.14074e+02    1.57645e+02    7.53549e+01   -8.93101e+02   -2.26587e+01
217     1.89416e+02    1.70648e+02    7.49870e+01   -8.86017e+02   -2.14452e+01
218     1.92991e+02    1.62992e+02    7.44808e+01   -8.89731e+02   -1.73565e+01
219     1.90815e+02    1.84820e+02    7.53724e+01   -9.01028e+02   -1.60834e+01
220     1.98512e+02    1.49909e+02    7.15840e+01   -9.02982e+02   -1.63445e+01
221     2.14010e+02    1.60637e+02    8.11944e+01   -8.86011e+02   -1.82054e+01
222     2.22890e+02    1.63636e+02    8.36308e+01   -8.79311e+02   -2.23386e+01
223     2.02366e+02    1.67145e+02    8.49692e+01   -8.93015e+02   -1.99845e+01
224     1.99565e+02    1.55207e+02    8.80575e+01   -9.04816e+02   -2.08344e+01
225     1.97943e+02    1.67671e+02    8.13726e+01   -8.92321e+02   -2.10865e+01
226     1.98643e+02    1.47196e+02    8.28354e+01   -8.91318e+02   -2.20655e+01
227     2.17056e+02    1.55289e+02    8.14844e+01   -8.85804e+02   -1.96999e+01
228     2.48469e+02    1.58863e+02    8.12752e+01   -8.68120e+02   -2.06595e+01
229     2.04979e+02    1.63956e+02    7.48211e+01   -8.79028e+02   -1.96451e+01
230     2.21286e+02    1.56285e+02    7.97506e+01   -8.86076e+02   -2.12322e+01
231     2.16442e+02    1.66897e+02    8.22693e+01   -8.98696e+02   -2.11683e+01
232     2.14009e+02    1.65360e+02    7.40444e+01   -8.96213e+02   -2.12438e+01
233     2.32024e+02    1.52008e+02    7.86042e+01   -8.76135e+02   -2.34157e+01
234     2.43238e+02    1.51869e+02    8.52713e+01   -8.71976e+02   -2.09088e+01
235     2.17446e+02    1.42780e+02    7.82139e+01   -9.14249e+02   -2.01528e+01
236     2.14017e+02    1.56299e+02    7.93060e+01   -9.04292e+02   -2.04533e+01
237     2.35239e+02    1.75935e+02    7.73142e+01   -9.14746e+02   -2.02438e+01
238     2.21179e+02    1.42248e+02    7.25428e+01   -9.12875e+02   -1.93261e+01
239     2.23912e+02    1.74674e+02    6.94383e+01   -9.18283e+02   -1.82871e+01
240     2.11496e+02    1.59323e+02    7.44055e+01   -9.13680e+02   -1.77248e+01
241     2.14755e+02    1.58588e+02    6.97383e+01   -9.09325e+02   -2.01684e+01
242     2.23224e+02    1.63574e+02    6.89814e+01   -9.20231e+02   -1.75750e+01
243     2.10106e+02    1.55280e+02    7.46886e+01   -9.23364e+02   -1.60003e+01
244     2.21592e+02    1.55743e+02    7.50072e+01   -9.43835e+02   -1.70536e+01
245     2.24271e+02    1.56328e+02    7.73500e+01   -9.22960e+02   -1.61473e+01
246     2.15704e+02    1.36302e+02    7.30328e+01   -9.44877e+02   -1.66223e+01
247     2.12467e+02    1.46582e+02    7.16432e+01   -9.36467e+02   -1.67997e+01
248     2.17183e+02    1.30373e+02    6.67565e+01   -9.20541e+02   -1.68481e+01
249     2.16935e+02    1.57025e+02    6.65193e+01   -9.33910e+02   -1.48527e+01
250     2.19504e+02    1.46046e+02    7.16894e+01   -9.08788e+02   -1.36292e+01
251     2.16088e+02    1.47360e+02    6.74593e+01   -9.07253e+02   -1.54339e+01
252     2.18123e+02    1.40720e+02    6.19381e+01   -9.56465e+02   -1.53815e+01
253     2.30139e+02    1.58863e+02    5.71146e+01   -9.31814e+02   -1.48800e+01
254     2.11066e+02    1.47401e+02    6.33128e+01   -9.20352e+02   -1.50380e+01
255     2.04221e+02    1.50596e+02    6.89663e+01   -9.16959e+02   -1.44291e+01
256     2.25860e+02    1.44543e+02    6.93125e+01   -8.94044e+02   -1.38569e+01
257     2.13693e+02    1.45554e+02    6.18597e+01   -9.06287e+02   -1.34201e+01
258     2.19385e+02    1.51556e+02    6.12881e+01   -8.93632e+02   -1.53059e+01
259     2.20056e+02    1.53052e+02    6.93730e+01   -8.93673e+02   -1.62158e+01
260     2.06584e+02    1.50943e+02    7.73725e+01   -9.02104e+02   -1.61986e+01
261     2.04509e+02    1.50295e+02    6.80084e+01   -9.12912e+02   -1.57669e+01
262     2.21204e+02    1.53983e+02    6.61932e+01   -9.12830e+02   -1.53566e+01
263     2.24381e+02    1.48171e+02    6.51213e+01   -8.94407e+02   -1.56808e+01
264     2.11844e+02    1.42948e+02    6.56297e+01   -8.86509e+02   -1.37188e+01
265     1.95200e+02    1.52585e+02    6.92455e+01   -8.90240e+02   -1.47234e+01
266     2.27222e+02    1.50772e+02    5.72965e+01   -9.09111e+02   -1.45924e+01
267     2.26284e+02    1.46742e+02    6.01493e+01   -8.92896e+02   -1.41420e+01
268     2.22454e+02    1.44538e+02    5.72109e+01   -8.80942e+02   -1.44757e+01
269     2.15941e+02    1.57580e+02    7.04926e+01   -8.94577e+02   -1.50963e+01
270     2.08833e+02    1.33800e+02    7.04995e+01   -8.85561e+02   -1.43489e+01
271     2.26828e+02    1.42947e+02    6.69490e+01   -8.88157e+02   -1.49961e+01
272     2.15551e+02    1.49096e+02    6.94595e+01   -8.96901e+02   -1.77619e+01
273     2.36120e+02    1.41820e+02    7.30533e+01   -9.08829e+02   -1.52243e+01
274     2.21415e+02    1.66163e+02    6.06752e+01   -9.08967e+02   -1.19762e+01
275     2.47645e+02    1.35322e+02    6.91383e+01   -8.81781e+02   -1.83791e+01
276     2.30416e+02    1.55052e+02    7.01227e+01   -8.88199e+02   -1.71647e+01
277     2.06113e+02    1.42062e+02    6.88837e+01   -9.19735e+02   -1.55788e+01
278     2.26031e+02    1.38523e+02    7.04457e+01   -8.87576e+02   -1.72786e+01
279     2.20967e+02    1.51557e+02    6.54016e+01   -9.10722e+02   -1.75483e+01
280     2.24074e+02    1.28063e+02    7.88745e+01   -8.94787e+02   -1.85599e+01
281     2.05127e+02    1.40028e+02    8.42636e+01   -8.65999e+02   -1.83987e+01
282     2.02038e+02    1.66625e+02    8.00540e+01   -8.74399e+02   -1.76964e+01
283     2.06141e+02    1.50537e+02    7.19463e+01   -8.80724e+02   -1.72331e+01
284     2.27191e+02    1.53020e+02    7.65961e+01   -8.93970e+02   -1.64474e+01
285     2.10444e+02    1.44681e+02    8.23954e+01   -9.02496e+02   -1.77239e+01
286     2.12056e+02    1.48460e+02    7.52654e+01   -8.98201e+02   -1.78426e+01
287     1.94909e+02    1.43058e+02    8.18692e+01   -9.04511e+02   -1.75248e+01
288     2.26468e+02    1.61044e+02    8.35607e+01   -8.87748e+02   -1.83293e+01
289     2.07725e+02    1.38096e+02    6.53510e+01   -9.01963e+02   -1.60074e+01
290     2.10547e+02    1.56166e+02    7.42031e+01   -8.95477e+02   -8.99375e+00
291     2.02798e+02    1.49615e+02    7.95597e+01   -8.77326e+02   -1.82662e+01
292     2.23412e+02    1.52566e+02    7.89230e+01   -8.76154e+02   -2.07136e+01
293     2.30591e+02    1.47159e+02    8.32351e+01   -8.84967e+02   -2.23535e+01
294     2.10560e+02    1.59793e+02    8.97294e+01   -8.82161e+02   -2.22231e+01
295     1.94985e+02    1.44741e+02    8.24463e+01   -9.01077e+02   -2.35396e+01
296     2.15013e+02    1.56212e+02    9.27517e+01   -8.91164e+02   -2.09340e+01
297     2.10493e+02    1.58601e+02    8.52702e+01   -8.81350e+02   -2.13812e+01
298     2.07411e+02    1.29833e+02    7.70611e+01   -9.03392e+02   -2.17363e+01
299     2.18423e+02    1.54887e+02    8.58923e+01   -8.91010e+02   -2.09679e+01
300     2.03696e+02    1.44991e+02    8.37583e+01   -8.85585e+02   -1.88290e+01
301     2.14431e+02    1.57070e+02    8.67848e+01   -8.99099e+02   -1.84101e+01
302     2.17596e+02    1.40826e+02    8.19294e+01   -9.08927e+02   -1.91960e+01
303     2.22223e+02    1.65478e+02    8.01924e+01   -9.22098e+02   -1.77357e+01
304     2.04801e+02    1.53211e+02    7.86623e+01   -9.23836e+02   -1.85245e+01
305     2.10926e+02    1.65486e+02    7.69652e+01   -9.29171e+02   -1.74443e+01
306     2.15890e+02    1.63924e+02    7.08457e+01   -9.36711e+02   -1.62187e+01
307     2.12787e+02    1.52221e+02    7.78822e+01   -9.20476e+02   -1.68099e+01
308     2.07572e+02    1.44819e+02    8.14612e+01   -9.39762e+02   -1.84835e+01
309     2.22208e+02    1.48333e+02    7.16296e+01   -9.37276e+02   -1.75019e+01
310     2.10338e+02    1.48921e+02    7.98924e+01   -9.36844e+02   -1.85989e+01
311     2.16304e+02    1.34056e+02    8.95664e+01   -9.14751e+02   -1.67549e+01
312     2.13169e+02    1.46526e+02    9.02060e+01   -9.18680e+02   -1.85546e+01
313     2.13856e+02    1.52405e+02    8.42908e+01   -9.19731e+02   -2.12233e+01
314     2.18734e+02    1.46309e+02    7.97131e+01   -9.23182e+02   -1.79556e+01
315     2.07538e+02    1.53997e+02    7.83790e+01   -9.46163e+02   -1.82349e+01
316     2.13315e+02    1.51277e+02    8.14888e+01   -9.23163e+02   -1.47411e+01
317     2.01401e+02    1.39693e+02    7.61736e+01   -9.21347e+02   -1.64167e+01
318     1.97751e+02    1.49793e+02    6.66928e+01   -9.20691e+02   -1.64357e+01
319     2.02128e+02    1.56399e+02    7.47740e+01   -9.11240e+02   -1.65815e+01
320     2.11376e+02    1.54496e+02    8.11274e+01   -9.22988e+02   -1.66697e+01
321     2.00001e+02    1.56570e+02    8.22197e+01   -9.15808e+02   -1.79309e+01
322     1.94431e+02    1.24298e+02    7.94957e+01   -9.15898e+02   -2.06630e+01
323     1.94102e+02    1.65535e+02    7.17124e+01   -9.26423e+02   -1.64115e+01
324     1.98484e+02    1.34170e+02    7.37292e+01   -9.21217e+02   -2.01466e+01
325     2.23271e+02    1.49803e+02    7.43226e+01   -8.98158e+02   -2.10396e+01
326     1.94666e+02    1.38893e+02    8.00894e+01   -8.82813e+02   -1.96149e+01
327     1.74762e+02    1.52418e+02    6.82470e+01   -9.19454e+02   -1.93845e+01
328     1.89363e+02    1.47430e+02    8.64661e+01   -9.07910e+02   -1.66180e+01
329     1.84154e+02    1.69095e+02    7.66242e+01   -9.21146e+02   -1.81655e+01
330     1.85954e+02    1.36471e+02    7.44904e+01   -9.02870e+02   -1.63622e+01
331     2.11226e+02    1.42369e+02    7.76454e+01   -9.11097e+02   -1.51843e+01
332     1.93294e+02    1.62256e+02    7.89151e+01   -9.00935e+02   -1.34559e+01
333     1.84276e+02    1.51691e+02    7.04037e+01   -9.08988e+02   -1.27973e+01
334     1.94621e+02    1.45818e+02    8.40346e+01   -9.18138e+02   -1.41045e+01
335     1.97671e+02    1.68196e+02    8.60558e+01   -9.24451e+02   -1.41458e+01
336     1.91247e+02    1.48292e+02    7.93290e+01   -9.30475e+02   -1.28203e+01
337     1.97595e+02    1.53906e+02    6.91771e+01   -9.41527e+02   -1.19239e+01
338     1.75962e+02    1.70096e+02    7.10468e+01   -9.01973e+02   -1.09856e+01
339     1.94898e+02    1.48602e+02    6.43396e+01   -9.04972e+02   -1.14473e+01
340     1.97597e+02    1.32256e+02    6.07911e+01   -9.05398e+02   -1.14197e+01
341     1.90942e+02    1.42323e+02    6.53264e+01   -9.01729e+02   -1.13343e+01
342     1.92706e+02    1.38781e+02    7.32631e+01   -9.00426e+02   -1.28267e+01
343     1.89569e+02    1.25793e+02    7.25082e+01   -8.96842e+02   -1.29709e+01
344     2.09563e+02    1.35296e+02    7.20147e+01   -9.24726e+02   -1.38169e+01
345     2.16369e+02    1.20743e+02    7.53497e+01   -9.15202e+02   -1.46243e+01
346     1.81143e+02    1.55675e+02    7.92198e+01   -8.97837e+02   -1.55980e+01
347     1.87688e+02    1.46821e+02    7.27536e+01   -9.14531e+02   -1.61957e+01
348     1.97621e+02    1.41355e+02    7.64019e+01   -9.25905e+02   -1.44980e+01
349     1.94243e+02    1.48486e+02    8.70830e+01   -9.08455e+02   -1.45016e+01
350     2.04634e+02    1.42046e+02    8.52535e+01   -9.07573e+02   -1.52301e+01
351     2.14123e+02    1.49037e+02    9.48829e+01   -9.12738e+02   -1.65650e+01
352     1.89080e+02    1.51231e+02    8.01432e+01   -9.25560e+02   -1.30853e+01
353     1.78758e+02    1.43002e+02    7.97034e+01   -9.35990e+02   -1.19723e+01
354     1.86451e+02    1.54040e+02    7.46038e+01   -9.09780e+02   -1.37580e+01
355     2.01487e+02    1.41776e+02    7.56469e+01   -9.15411e+02   -1.42715e+01
356     1.92811e+02    1.52135e+02    7.87513e+01   -9.03774e+02   -1.40943e+01
357     1.82712e+02    1.40840e+02    7.61936e+01   -9.05020e+02   -1.36028e+01
358     2.08471e+02    1.64399e+02    8.10931e+01   -9.25532e+02   -1.43885e+01
359     2.00719e+02    1.58905e+02    7.82859e+01   -9.21825e+02   -1.50718e+01
360     2.08105e+02    1.46418e+02    8.25944e+01   -8.94143e+02   -1.63974e+01
361     1.98082e+02    1.46894e+02    7.14502e+01   -9.31492e+02   -1.62417e+01
362     1.96214e+02    1.37428e+02    8.21283e+01   -9.20513e+02   -1.74747e+01
363     2.26635e+02    1.60516e+02    8.04080e+01   -9.01040e+02   -1.78549e+01
364     2.04471e+02    1.50664e+02    7.84803e+01   -9.02232e+02   -1.53214e+01
365     2.02052e+02    1.61145e+02    7.38341e+01   -9.13794e+02   -1.70932e+01
366     1.95157e+02    1.45872e+02    7.87603e+01   -9.21120e+02   -1.83730e+01
367     2.21730e+02    1.42334e+02    8.66960e+01   -9.09051e+02   -1.85135e+01
368     1.95699e+02    1.69470e+02    7.74714e+01   -9.26974e+02   -1.75145e+01
369     1.94964e+02    1.36468e+02    6.88194e+01   -9.19850e+02   -1.75141e+01
370     2.24715e+02    1.37570e+02    7.58970e+01   -9.09484e+02   -1.85341e+01
371     2.10114e+02    1.52037e+02    7.32207e+01   -9.20728e+02   -1.72669e+01
372     2.15340e+02    1.34077e+02    7.43988e+01   -9.05570e+02   -1.54801e+01
373     2.13139e+02    1.22657e+02    7.36886e+01   -9.17997e+02   -1.60575e+01
374     2.13088e+02    1.40543e+02    7.51605e+01   -9.36522e+02   -1.45236e+01
375     2.13222e+02    1.29047e+02    8.00908e+01   -9.16891e+02   -1.48132e+01
376     2.10965e+02    1.33505e+02    8.17458e+01   -9.28407e+02   -1.31814e+01
377     2.03287e+02    1.35164e+02    8.44073e+01   -9.33829e+02   -1.20541e+01
378     2.08539e+02    1.53252e+02    7.30566e+01   -9.30321e+02   -1.17410e+01
379     2.03024e+02    1.52235e+02    7.73783e+01   -9.27083e+02   -1.33657e+01
380     2.06898e+02    1.36329e+02    7.69401e+01   -9.31085e+02   -1.15914e+01
381     2.11067e+02    1.54094e+02    7.06884e+01   -9.29340e+02   -1.24725e+01
382     2.07510e+02    1.40208e+02    7.37805e+01   -9.36978e+02   -1.38351e+01
383     2.02465e+02    1.34565e+02    7.77565e+01   -9.17599e+02   -1.16471e+01
384     2.09792e+02    1.35813e+02    7.54995e+01   -9.36948e+02   -1.05690e+01
385     1.97529e+02    1.40646e+02    7.22517e+01   -9.37173e+02   -1.23072e+01
386     2.12674e+02    1.45933e+02    8.39426e+01   -8.98525e+02   -1.37511e+01
387     2.04162e+02    1.51955e+02    7.86306e+01   -9.10709e+02   -1.37328e+01
388     1.85810e+02    1.30609e+02    7.98947e+01   -9.25676e+02   -1.30756e+01
389     1.86960e+02    1.37542e+02    8.14759e+01   -9.07818e+02   -1.45020e+01
390     1.97496e+02    1.60938e+02    8.23481e+01   -9.11826e+02   -1.32048e+01
391     1.86389e+02    1.33197e+02    7.17329e+01   -9.22079e+02   -1.35289e+01
392     2.02543e+02    1.37724e+02    7.37773e+01   -9.21189e+02   -1.43556e+01
393     1.98478e+02    1.40352e+02    7.09140e+01   -9.04102e+02   -1.59277e+01
394     2.06883e+02    1.41814e+02    7.21410e+01   -9.13674e+02   -1.60442e+01
395     2.12954e+02    1.51589e+02    7.51797e+01   -9.22707e+02   -1.58971e+01
396     1.97592e+02    1.29904e+02    7.63494e+01   -9.13304e+02   -1.40207e+01
397     1.84537e+02    1.60133e+02    7.70884e+01   -9.01630e+02   -1.37292e+01
398     1.88444e+02    1.19446e+02    6.95616e+01   -9.41843e+02   -1.40549e+01
399     2.03175e+02    1.44371e+02    6.62213e+01   -9.39090e+02   -1.62478e+01
400     2.01803e+02    1.42578e+02    7.01113e+01   -9.14402e+02   -1.33209e+01
401     1.92749e+02    1.53005e+02    7.02985e+01   -9.28917e+02   -1.15521e+01
402     2.08840e+02    1.64636e+02    6.82841e+01   -9.24630e+02   -1.23965e+01
403     1.85809e+02    1.58986e+02    6.83963e+01   -9.36974e+02   -1.28859e+01
404     1.75142e+02    1.50203e+02    7.43371e+01   -9.11213e+02   -1.33610e+01
405     1.98718e+02    1.58420e+02    7.35545e+01   -9.19691e+02   -1.36752e+01
406     2.02360e+02    1.30388e+02    6.89124e+01   -9.44587e+02   -1.31228e+01
407     1.93576e+02    1.49581e+02    7.96303e+01   -9.29681e+02   -1.32870e+01
408     1.76916e+02    1.63580e+02    8.10631e+01   -9.14236e+02   -1.40490e+01
409     2.10474e+02    1.41106e+02    7.24818e+01   -9.17069e+02   -1.46628e+01
410     1.86143e+02    1.80682e+02    7.10198e+01   -9.18849e+02   -1.45596e+01
411     1.99493e+02    1.53712e+02    7.54711e+01   -9.00848e+02   -1.37683e+01
412     2.06550e+02    1.55143e+02    6.85227e+01   -8.90654e+02   -1.34604e+01
413     1.96449e+02    1.57662e+02    7.80311e+01   -8.94225e+02   -1.72919e+01
414     2.04250e+02    1.55492e+02    7.97192e+01   -8.98420e+02   -1.30740e+01
415     2.01310e+02    1.50629e+02    7.74522e+01   -8.85138e+02   -1.46441e+01
416     1.95385e+02    1.50645e+02    7.05870e+01   -9.01562e+02   -1.26335e+01
417     2.02787e+02    1.70724e+02    7.08108e+01   -9.02413e+02   -1.06641e+01
418     1.84227e+02    1.61268e+02    5.48585e+01   -9.10260e+02   -1.09226e+01
419     2.03182e+02    1.50877e+02    6.29663e+01   -9.11730e+02   -1.04307e+01
420     1.93140e+02    1.67238e+02    7.14776e+01   -9.10142e+02   -1.05462e+01
421     2.03375e+02    1.64429e+02    6.20548e+01   -9.25429e+02   -9.45951e+00
422     2.22151e+02    1.60165e+02    6.34913e+01   -9.31245e+02   -8.95356e+00
423     1.95605e+02    1.55526e+02    5.97636e+01   -9.13046e+02   -8.20584e+00
424     1.98854e+02    1.58242e+02    6.49233e+01   -9.57710e+02   -9.16354e+00
425     1.99193e+02    1.45409e+02    6.94425e+01   -9.33325e+02   -1.04955e+01
426     2.09835e+02    1.63126e+02    6.77085e+01   -9.48097e+02   -1.06310e+01
427     2.05992e+02    1.56862e+02    6.92065e+01   -9.07913e+02   -1.07843e+01
428     1.99232e+02    1.34881e+02    6.90703e+01   -9.24562e+02   -1.07292e+01
429     2.00733e+02    1.74696e+02    6.49938e+01   -9.14967e+02   -1.03587e+01
430     1.88326e+02    1.43197e+02    6.77386e+01   -9.08353e+02   -9.87694e+00
431     1.83573e+02    1.59132e+02    6.32930e+01   -9.11080e+02   -1.03377e+01
432     2.09291e+02    1.55826e+02    7.16534e+01   -8.96285e+02   -1.09926e+01
433     2.05593e+02    1.37540e+02    6.74269e+01   -9.21454e+02   -1.00346e+01
434     2.00062e+02    1.59438e+02    6.50868e+01   -9.24657e+02   -1.02004e+01
435     2.03081e+02    1.48939e+02    5.47022e+01   -9.29675e+02   -1.16337e+01
436     1.93918e+02    1.49091e+02    6.34241e+01   -8.93669e+02   -1.20487e+01
437     2.03102e+02    1.54252e+02    6.60121e+01   -8.97905e+02   -1.11900e+01
438     2.19406e+02    1.47801e+02    5.95721e+01   -9.17330e+02   -1.23541e+01
439     2.00546e+02    1.41115e+02    6.46233e+01   -9.00342e+02   -1.35595e+01
440     1.94229e+02    1.47041e+02    7.52753e+01   -9.06214e+02   -1.16626e+01
441     2.13019e+02    1.35730e+02    6.21831e+01   -9.10202e+02   -1.03994e+01
442     2.11566e+02    1.46391e+02    6.55103e+01   -9.07730e+02   -9.15333e+00
443     1.90538e+02    1.37599e+02    6.11466e+01   -9.24052e+02   -9.22865e+00
444     2.12382e+02    1.37077e+02    6.15774e+01   -9.25629e+02   -9.51874e+00
445     2.08488e+02    1.32879e+02    5.58342e+01   -9.00332e+02   -9.39592e+00
446     1.99691e+02    1.42622e+02    5.71983e+01   -9.22356e+02   -9.47192e+00
447     1.94103e+02    1.59369e+02    6.05904e+01   -9.10767e+02   -1.00376e+01
448     2.15845e+02    1.37413e+02    6.45846e+01   -9.19590e+02   -1.04688e+01
449     2.05127e+02    1.52691e+02    6.37632e+01   -9.30514e+02   -1.09040e+01
450     2.28494e+02    1.43577e+02    7.33105e+01   -9.17642e+02   -1.14738e+01
451     2.11265e+02    1.50463e+02    6.28711e+01   -9.39836e+02   -1.09540e+01
452     1.98740e+02    1.31883e+02    6.79261e+01   -9.30736e+02   -1.10511e+01
453     2.14043e+02    1.28186e+02    5.93491e+01   -9.15660e+02   -1.04920e+01
454     2.19013e+02    1.45945e+02    6.42027e+01   -9.28662e+02   -1.13531e+01
455     2.10652e+02    1.38379e+02    6.27714e+01   -9.50618e+02   -1.18163e+01
456     2.24791e+02    1.35411e+02    6.89401e+01   -9.29108e+02   -1.22619e+01
457     2.21306e+02    1.50471e+02    6.56227e+01   -9.38750e+02   -9.79509e+00
458     2.20118e+02    1.27309e+02    6.24288e+01   -9.23599e+02   -1.25319e+01
459     2.23322e+02    1.59300e+02    6.60605e+01   -9.33165e+02   -1.26570e+01
460     2.22758e+02    1.42702e+02    6.65625e+01   -9.33666e+02   -1.26349e+01
461     1.99702e+02    1.36630e+02    7.06039e+01   -9.17211e+02   -1.30170e+01
462     2.21335e+02    1.70260e+02    8.04230e+01   -8.98383e+02   -1.34965e+01
463     2.01922e+02    1.28637e+02    7.13797e+01   -9.13837e+02   -1.47408e+01
464     1.98482e+02    1.49523e+02    7.01827e+01   -9.00794e+02   -1.39716e+01
465     1.97565e+02    1.49124e+02    7.13999e+01   -8.87759e+02   -1.53530e+01
466     1.92502e+02    1.41631e+02    7.01665e+01   -9.18512e+02   -1.44800e+01
467     2.11728e+02    1.43836e+02    7.05223e+01   -8.90390e+02   -1.34762e+01
468     2.03156e+02    1.61095e+02    6.87498e+01   -8.99569e+02   -1.47541e+01
469     1.97357e+02    1.51724e+02    6.52725e+01   -9.11671e+02   -1.63740e+01
470     1.99462e+02    1.54812e+02    6.75839e+01   -8.85382e+02   -1.64842e+01
471     2.09237e+02    1.64975e+02    6.73493e+01   -9.13579e+02   -1.32495e+01
472     2.16133e+02    1.32970e+02    6.24798e+01   -9.18504e+02   -1.23003e+01
473     2.09582e+02    1.56884e+02    7.65086e+01   -8.94131e+02   -1.46717e+01
474     2.11725e+02    1.51122e+02    8.00707e+01   -8.88943e+02   -1.58493e+01
475     2.17546e+02    1.50263e+02    7.00041e+01   -9.06313e+02   -1.51387e+01
476     2.18637e+02    1.55115e+02    7.26426e+01   -8.81893e+02   -1.29717e+01
477     2.42725e+02    1.63971e+02    7.27435e+01   -8.96828e+02   -1.32160e+01
478     2.19980e+02    1.35068e+02    6.70528e+01   -8.79664e+02   -1.50416e+01
479     2.15375e+02    1.58294e+02    8.01147e+01   -8.80085e+02   -1.59555e+01
480     2.21400e+02    1.50417e+02    8.01118e+01   -8.92835e+02   -1.71463e+01
481     2.28465e+02    1.47310e+02    8.18321e+01   -8.78253e+02   -1.35591e+01
482     2.03810e+02    1.47335e+02    7.92298e+01   -8.79165e+02   -1.25449e+01
483     2.17784e+02    1.43608e+02    7.85211e+01   -8.55232e+02   -1.19116e+01
484     2.14284e+02    1.52669e+02    7.66138e+01   -8.90424e+02   -1.22948e+01
485     1.94718e+02    1.58009e+02    7.07419e+01   -8.69040e+02   -1.44396e+01
486     2.02669e+02    1.44613e+02    8.09556e+01   -8.70354e+02   -1.48291e+01
487     2.14166e+02    1.46806e+02    7.88521e+01   -8.80649e+02   -1.51523e+01
488     2.07387e+02    1.58405e+02    7.26986e+01   -8.63988e+02   -1.54326e+01
489     1.92876e+02    1.54366e+02    7.89601e+01   -8.41319e+02   -1.68959e+01
490     1.84196e+02    1.54538e+02    7.76037e+01   -8.86996e+02   -1.87174e+01
491     2.26359e+02    1.61141e+02    7.67994e+01   -8.84067e+02   -1.86291e+01
492     2.32325e+02    1.51229e+02    7.92777e+01   -8.82313e+02   -1.88609e+01
493     2.11209e+02    1.71498e+02    8.21605e+01   -8.85976e+02   -1.83912e+01
494     2.05118e+02    1.62041e+02    8.16626e+01   -8.71566e+02   -1.89073e+01
495     2.19506e+02    1.61771e+02    7.26412e+01   -8.89344e+02   -1.75890e+01
496     2.32049e+02    1.48454e+02    8.81750e+01   -8.76790e+02   -1.96663e+01
497     2.21924e+02    1.50221e+02    8.09116e+01   -8.91506e+02   -1.75999e+01
498     2.26176e+02    1.84698e+02    7.63210e+01   -9.03610e+02   -1.69903e+01
499     2.19210e+02    1.54774e+02    7.92051e+01   -8.85837e+02   -1.90282e+01
500     2.29471e+02    1.70752e+02    8.62643e+01   -9.00870e+02   -1.81616e+01
501     2.17004e+02    1.67950e+02    8.62467e+01   -9.02930e+02   -2.01725e+01
502     2.19170e+02    1.62420e+02    8.46052e+01   -9.02307e+02   -1.91083e+01
503     2.07834e+02    1.65105e+02    7.55431e+01   -9.12383e+02   -1.93617e+01
504     2.24394e+02    1.61626e+02    7.74857e+01   -9.09227e+02   -1.46561e+01
505     2.39606e+02    1.54160e+02    7.52402e+01   -8.87302e+02   -1.56455e+01
506     2.06417e+02    1.54772e+02    7.78963e+01   -8.87755e+02   -1.58662e+01
507     2.07131e+02    1.70114e+02    8.33533e+01   -8.70557e+02   -1.79134e+01
508     2.07992e+02    1.53741e+02    9.06640e+01   -8.69292e+02   -1.46958e+01
509     2.16406e+02    1.54208e+02    8.18410e+01   -9.07405e+02   -1.52243e+01
510     2.29260e+02    1.45317e+02    8.09587e+01   -9.03902e+02   -1.39445e+01
511     2.12281e+02    1.63725e+02    7.54924e+01   -9.14056e+02   -1.54990e+01
512     1.96779e+02    1.60070e+02    6.66507e+01   -8.88261e+02   -1.47356e+01
513     2.25456e+02    1.59927e+02    6.87610e+01   -9.03602e+02   -1.68128e+01
514     2.11371e+02    1.64798e+02    7.84504e+01   -9.03345e+02   -1.76305e+01
515     1.93559e+02    1.62498e+02    7.85528e+01   -9.05829e+02   -1.63476e+01
516     2.11143e+02    1.49107e+02    7.60359e+01   -8.98438e+02   -1.60147e+01
517     2.05009e+02    1.46595e+02    8.13841e+01   -8.94362e+02   -1.88001e+01
518     1.90756e+02    1.65366e+02    8.15636e+01   -9.14930e+02   -1.77965e+01
519     2.04173e+02    1.39959e+02    8.35888e+01   -8.99907e+02   -1.40233e+01
520     2.02218e+02    1.65771e+02    7.89735e+01   -8.94455e+02   -1.82450e+01
521     1.97285e+02    1.52303e+02    7.64744e+01   -8.85841e+02   -1.64969e+01
522     1.79899e+02    1.52064e+02    7.82204e+01   -9.02667e+02   -1.67656e+01
523     1.91842e+02    1.46928e+02    7.66521e+01   -8.96288e+02   -1.64025e+01
524     1.87403e+02    1.72435e+02    8.06540e+01   -8.74357e+02   -1.53304e+01
525     1.97623e+02    1.41783e+02    7.61956e+01   -8.82392e+02   -1.75742e+01
526     1.95133e+02    1.55311e+02    7.70439e+01   -9.03354e+02   -1.75697e+01
527     2.07482e+02    1.62603e+02    7.57013e+01   -9.13960e+02   -1.49971e+01
528     1.96202e+02    1.33998e+02    6.63645e+01   -9.06444e+02   -1.27739e+01
529     2.10289e+02    1.33917e+02    7.27427e+01   -8.94821e+02   -1.36243e+01
530     2.04669e+02    1.51224e+02    7.75300e+01   -8.96024e+02   -1.05916e+01
531     2.06656e+02    1.36900e+02    8.09247e+01   -9.12143e+02   -1.22477e+01
532     2.03096e+02    1.57913e+02    8.63688e+01   -8.99527e+02   -1.46679e+01
533     2.04816e+02    1.54919e+02    7.90510e+01   -9.06730e+02   -1.46018e+01
534     2.24807e+02    1.36351e+02    8.46740e+01   -8.97081e+02   -1.51968e+01
535     2.15940e+02    1.49403e+02    8.88333e+01   -8.90317e+02   -1.80130e+01
536     2.19126e+02    1.47806e+02    8.25976e+01   -9.09708e+02   -1.68260e+01
537     2.05412e+02    1.45278e+02    7.75022e+01   -9.16571e+02   -1.72242e+01
538     2.11300e+02    1.63290e+02    7.72903e+01   -8.92648e+02   -1.82788e+01
539     2.09927e+02    1.72861e+02    8.38560e+01   -8.90072e+02   -1.71706e+01
540     2.09686e+02    1.60805e+02    7.70191e+01   -8.97278e+02   -1.64538e+01
541     1.97573e+02    1.57222e+02    8.50828e+01   -8.99925e+02   -1.73064e+01
542     1.98830e+02    1.55768e+02    7.39713e+01   -8.95246e+02   -1.91635e+01
543     1.87179e+02    1.57661e+02    7.43356e+01   -8.98940e+02   -2.06725e+01
544     2.00951e+02    1.57313e+02    7.93317e+01   -9.00326e+02   -1.94687e+01
545     2.04405e+02    1.50153e+02    7.50354e+01   -9.32531e+02   -2.05677e+01
546     1.92534e+02    1.55261e+02    8.62740e+01   -9.12610e+02   -2.16912e+01
547     1.85592e+02    1.53828e+02    7.86786e+01   -9.23779e+02   -1.84135e+01
548     2.21552e+02    1.73303e+02    8.11126e+01   -9.28125e+02   -1.82772e+01
549     2.01838e+02    1.47371e+02    8.42176e+01   -9.16366e+02   -1.82933e+01
550     1.87209e+02    1.45850e+02    8.92934e+01   -9.10331e+02   -2.03158e+01
551     2.05312e+02    1.39414e+02    8.99562e+01   -9.03475e+02   -2.13392e+01
552     1.98151e+02    1.47574e+02    7.55863e+01   -9.23515e+02   -2.21104e+01
553     1.97567e+02    1.38328e+02    7.96904e+01   -9.26068e+02   -2.19163e+01
554     2.09186e+02    1.46126e+02    8.48166e+01   -9.18981e+02   -2.26912e+01
555     2.01059e+02    1.27117e+02    7.83931e+01   -9.14049e+02   -2.09786e+01
556     2.07345e+02    1.42927e+02    7.67477e+01   -9.19667e+02   -2.37283e+01
557     2.01555e+02    1.40349e+02    7.53066e+01   -9.23784e+02   -2.60430e+01
558     2.02421e+02    1.44258e+02    7.37383e+01   -9.32459e+02   -2.70150e+01
559     2.06971e+02    1.34131e+02    7.21866e+01   -9.11949e+02   -2.65724e+01
560     1.96119e+02    1.38408e+02    8.33663e+01   -9.17263e+02   -2.33613e+01
561     2.04982e+02    1.33813e+02    8.48173e+01   -9.07261e+02   -2.25324e+01
562     1.98588e+02    1.48555e+02    8.17321e+01   -9.01392e+02   -2.18652e+01
563     2.01208e+02    1.33041e+02    9.31615e+01   -9.01071e+02   -1.80481e+01
564     2.17124e+02    1.49031e+02    9.30900e+01   -8.82331e+02   -2.29083e+01
565     2.27615e+02    1.35666e+02    8.07386e+01   -8.83916e+02   -2.17513e+01
566     2.10590e+02    1.40869e+02    8.57821e+01   -9.04735e+02   -2.10488e+01
567     2.26381e+02    1.47452e+02    9.84595e+01   -8.74352e+02   -2.46135e+01
568     2.00234e+02    1.42769e+02    9.55947e+01   -9.00457e+02   -2.39286e+01
569     2.00358e+02    1.38522e+02    9.56186e+01   -8.83281e+02   -2.15159e+01
570     2.03305e+02    1.38536e+02    9.26426e+01   -8.89965e+02   -2.06547e+01
571     1.91938e+02    1.49863e+02    9.18048e+01   -9.03836e+02   -2.23189e+01
572     1.99717e+02    1.40403e+02    8.48379e+01   -8.75099e+02   -2.33038e+01
573     2.05036e+02    1.56821e+02    8.06169e+01   -8.74962e+02   -1.93014e+01
574     1.85672e+02    1.51482e+02    8.87579e+01   -8.67147e+02   -2.42701e+01
575     2.07622e+02    1.50972e+02    8.77463e+01   -8.70152e+02   -2.49851e+01
576     1.96772e+02    1.65915e+02    8.90451e+01   -8.66752e+02   -2.37417e+01
577     1.80007e+02    1.47670e+02    9.03088e+01   -8.51896e+02   -2.16656e+01
578     1.94700e+02    1.50981e+02    9.34645e+01   -8.66920e+02   -2.27161e+01
579     2.14781e+02    1.52323e+02    9.51561e+01   -8.74600e+02   -2.21395e+01
580     2.07798e+02    1.42319e+02    9.65424e+01   -8.77146e+02   -2.14013e+01
581     2.06124e+02    1.51841e+02    9.81224e+01   -8.85951e+02   -2.14793e+01
582     1.96286e+02    1.57429e+02    8.85964e+01   -8.91791e+02   -2.30089e+01
583     1.91234e+02    1.55579e+02    8.98898e+01   -8.83886e+02   -2.15439e+01
584     1.89899e+02    1.70020e+02    8.97367e+01   -8.73856e+02   -2.47256e+01
585     1.93682e+02    1.45463e+02    9.22778e+01   -9.03284e+02   -2.30936e+01
586     1.86946e+02    1.47751e+02    9.75053e+01   -8.66403e+02   -2.09863e+01
587     1.94488e+02    1.51849e+02    9.35882e+01   -8.79039e+02   -2.02591e+01
588     1.67345e+02    1.51185e+02    8.87420e+01   -8.72015e+02   -2.00863e+01
589     1.56700e+02    1.54028e+02    8.81045e+01   -8.79438e+02   -2.04716e+01
590     1.75235e+02    1.58850e+02    8.68212e+01   -8.88624e+02   -2.00720e+01
591     1.71868e+02    1.49899e+02    8.59248e+01   -8.81887e+02   -1.98644e+01
592     1.60156e+02    1.36818e+02    7.69432e+01   -8.84530e+02   -1.95023e+01
593     1.76896e+02    1.52288e+02    7.96559e+01   -8.69155e+02   -1.66733e+01
594     1.76568e+02    1.49484e+02    7.35773e+01   -8.97021e+02   -1.70381e+01
595     1.88061e+02    1.67831e+02    7.48734e+01   -9.04186e+02   -1.84999e+01
596     1.85474e+02    1.52815e+02    7.86787e+01   -9.16291e+02   -2.07764e+01
597     1.76247e+02    1.43988e+02    8.28951e+01   -8.88237e+02   -2.01959e+01
598     1.89919e+02    1.50750e+02    8.72483e+01   -8.70661e+02   -1.93200e+01
599     1.97917e+02    1.42468e+02    8.12466e+01   -8.98072e+02   -2.06724e+01
600     2.09931e+02    1.51626e+02    7.87611e+01   -9.01434e+02   -1.89596e+01
601     1.96099e+02    1.60071e+02    8.18917e+01   -8.92029e+02   -2.13808e+01
602     1.97202e+02    1.59756e+02    7.76102e+01   -8.95766e+02   -1.86458e+01
603     1.92306e+02    1.46099e+02    8.09147e+01   -8.88814e+02   -2.16958e+01
604     1.98967e+02    1.45992e+02    9.30104e+01   -8.80762e+02   -2.11312e+01
605     1.89549e+02    1.46682e+02    9.09591e+01   -8.91975e+02   -1.93034e+01
606     2.00826e+02    1.41958e+02    9.37286e+01   -8.99409e+02   -1.59837e+01
607     2.12221e+02    1.40953e+02    8.40556e+01   -8.92797e+02   -1.76956e+01
608     1.88893e+02    1.47529e+02    8.38560e+01   -8.91347e+02   -1.92889e+01
609     1.99825e+02    1.39158e+02    8.47046e+01   -8.84305e+02   -1.67977e+01
610     2.03703e+02    1.56856e+02    7.78951e+01   -9.02716e+02   -1.68352e+01
611     2.06759e+02    1.57955e+02    7.41722e+01   -9.01175e+02   -1.64645e+01
612     1.92157e+02    1.55938e+02    7.62531e+01   -9.23149e+02   -1.77946e+01
613     2.03339e+02    1.42725e+02    7.70904e+01   -9.20497e+02   -1.26922e+01
614     2.13123e+02    1.32957e+02    7.35185e+01   -9.29808e+02   -1.88197e+01
615     2.07227e+02    1.29648e+02    7.72261e+01   -9.00882e+02   -1.65070e+01
616     2.00610e+02    1.66827e+02    7.33815e+01   -8.96184e+02   -1.42690e+01
617     2.05300e+02    1.40726e+02    7.42441e+01   -8.99767e+02   -1.63001e+01
618     1.89418e+02    1.45183e+02    7.86408e+01   -9.11895e+02   -1.46717e+01
619     1.75557e+02    1.40557e+02    8.60064e+01   -9.07279e+02   -1.42089e+01
620     1.99039e+02    1.28810e+02    8.33260e+01   -9.04361e+02   -1.43409e+01
621     1.85305e+02    1.55364e+02    8.32583e+01   -9.05777e+02   -1.31564e+01
622     1.75108e+02    1.31484e+02    7.40632e+01   -9.03842e+02   -1.17074e+01
623     2.09342e+02    1.24926e+02    5.96223e+01   -9.04138e+02   -1.25136e+01
624     2.11203e+02    1.39025e+02    5.33671e+01   -9.18287e+02   -1.23664e+01
625     1.93113e+02    1.48476e+02    6.61938e+01   -9.00947e+02   -1.30276e+01
626     1.94770e+02    1.52533e+02    7.17211e+01   -8.90000e+02   -1.45077e+01
627     1.86533e+02    1.32523e+02    6.55557e+01   -9.07406e+02   -1.24924e+01
628     2.17442e+02    1.32789e+02    7.06686e+01   -8.94608e+02   -1.24928e+01
629     2.06422e+02    1.51783e+02    6.78353e+01   -9.03295e+02   -1.36948e+01
630     2.12381e+02    1.48492e+02    6.91445e+01   -9.21959e+02   -1.45957e+01
631     1.91824e+02    1.55839e+02    7.27621e+01   -8.88155e+02   -1.57208e+01
632     1.86920e+02    1.52285e+02    6.59935e+01   -8.90281e+02   -1.36971e+01
633     2.08069e+02    1.60666e+02    6.38515e+01   -8.87633e+02   -1.49840e+01
634     2.13382e+02    1.53199e+02    7.02492e+01   -8.89516e+02   -1.39142e+01
635     2.02779e+02    1.58361e+02    6.77044e+01   -8.96595e+02   -1.33231e+01
636     2.10490e+02    1.41892e+02    6.03193e+01   -9.05378e+02   -1.30706e+01
637     2.06983e+02    1.60544e+02    6.77456e+01   -9.05432e+02   -1.23076e+01
638     2.10431e+02    1.47228e+02    6.35511e+01   -9.11181e+02   -1.28298e+01
639     2.17988e+02    1.50084e+02    6.85994e+01   -8.92674e+02   -1.26427e+01
640     1.91574e+02    1.47951e+02    7.99834e+01   -8.94495e+02   -1.27017e+01
641     1.99172e+02    1.43020e+02    7.44641e+01   -8.82396e+02   -1.30157e+01
642     2.25688e+02    1.61063e+02    6.79171e+01   -8.82474e+02   -1.45786e+01
643     2.01566e+02    1.57462e+02    6.99014e+01   -8.93553e+02   -1.22574e+01
644     2.26460e+02    1.36694e+02    6.83970e+01   -9.09876e+02   -1.25655e+01
645     2.24315e+02    1.55336e+02    5.29009e+01   -9.15495e+02   -1.32491e+01
646     1.94109e+02    1.40619e+02    7.37765e+01   -9.30030e+02   -1.39610e+01
647     2.01475e+02    1.42976e+02    7.35278e+01   -9.28143e+02   -1.43261e+01
648     2.08921e+02    1.55641e+02    7.04518e+01   -9.25894e+02   -1.44826e+01
649     2.07318e+02    1.46187e+02    5.93475e+01   -9.35197e+02   -1.32221e+01
650     1.93211e+02    1.47412e+02    6.20333e+01   -9.28558e+02   -1.32524e+01
651     1.96942e+02    1.48224e+02    6.86383e+01   -9.19498e+02   -1.46723e+01
652     1.89433e+02    1.52023e+02    6.40966e+01   -9.16302e+02   -1.59209e+01
653     2.28011e+02    1.36631e+02    6.55434e+01   -9.22419e+02   -1.40287e+01
654     2.12286e+02    1.35660e+02    7.12938e+01   -9.31658e+02   -1.28199e+01
655     2.05184e+02    1.56018e+02    6.74894e+01   -9.12979e+02   -1.19359e+01
656     2.02302e+02    1.35960e+02    7.24743e+01   -9.12766e+02   -1.32499e+01
657     2.38827e+02    1.47127e+02    7.72130e+01   -8.76788e+02   -1.42507e+01
658     2.11823e+02    1.34836e+02    7.57361e+01   -8.72685e+02   -1.42358e+01
659     2.02319e+02    1.43004e+02    7.30510e+01   -8.83033e+02   -1.37939e+01
660     2.07253e+02    1.58940e+02    7.67096e+01   -8.81895e+02   -1.64372e+01
661     2.04604e+02    1.19203e+02    7.22443e+01   -9.10038e+02   -1.62888e+01
662     2.24863e+02    1.49539e+02    7.58275e+01   -9.06758e+02   -1.49432e+01
663     2.21019e+02    1.29742e+02    7.41897e+01   -9.29528e+02   -1.19047e+01
664     2.17123e+02    1.54269e+02    7.93115e+01   -9.11832e+02   -1.15830e+01
665     1.93741e+02    1.59585e+02    7.28917e+01   -8.94214e+02   -1.25139e+01
666     1.97562e+02    1.44514e+02    7.11995e+01   -8.93363e+02   -1.43130e+01
667     2.29706e+02    1.71640e+02    6.98492e+01   -9.28798e+02   -1.51742e+01
668     2.09799e+02    1.43268e+02    6.62369e+01   -9.13334e+02   -1.42376e+01
669     1.91410e+02    1.40884e+02    7.77131e+01   -8.82390e+02   -1.51433e+01
670     1.95781e+02    1.48461e+02    7.60990e+01   -8.95625e+02   -1.41086e+01
671     2.09005e+02    1.49809e+02    6.84253e+01   -8.88176e+02   -1.23193e+01
672     2.17401e+02    1.45413e+02    6.84088e+01   -9.15295e+02   -1.26680e+01
673     2.03389e+02    1.49386e+02    6.34149e+01   -9.36426e+02   -1.15748e+01
674     1.75309e+02    1.58339e+02    6.65665e+01   -9.35968e+02   -1.35279e+01
675     1.95060e+02    1.41774e+02    7.45631e+01   -9.32645e+02   -1.42994e+01
676     1.96391e+02    1.54947e+02    7.65716e+01   -9.00129e+02   -1.54172e+01
677     2.08442e+02    1.49644e+02    7.96335e+01   -8.96255e+02   -1.41441e+01
678     2.06906e+02    1.53341e+02    7.89395e+01   -9.02998e+02   -1.49136e+01
679     2.02145e+02    1.43971e+02    8.15433e+01   -8.98438e+02   -1.53362e+01
680     2.10023e+02    1.40225e+02    8.58725e+01   -8.76453e+02   -1.69406e+01
681     2.07378e+02    1.39665e+02    8.57377e+01   -8.91215e+02   -1.77044e+01
682     1.88953e+02    1.36411e+02    8.08400e+01   -8.89840e+02   -1.76622e+01
683     2.05046e+02    1.49419e+02    8.69789e+01   -8.64419e+02   -1.94718e+01
684     2.02427e+02    1.41435e+02    9.47880e+01   -8.86572e+02   -1.89477e+01
685     1.83983e+02    1.56646e+02    8.64676e+01   -8.80651e+02   -2.09928e+01
686     1.92680e+02    1.32554e+02    8.42659e+01   -8.80915e+02   -2.15895e+01
687     2.02692e+02    1.54288e+02    8.28376e+01   -8.87209e+02   -2.00430e+01
688     2.14009e+02    1.44655e+02    8.35475e+01   -8.93890e+02   -1.99432e+01
689     2.09666e+02    1.56587e+02    8.19365e+01   -8.77638e+02   -1.83620e+01
690     1.96739e+02    1.50040e+02    8.37172e+01   -8.63550e+02   -1.83234e+01
691     1.90377e+02    1.47165e+02    9.05054e+01   -8.63989e+02   -1.89213e+01
692     2.01072e+02    1.44406e+02    9.27110e+01   -8.39914e+02   -1.70863e+01
693     2.06156e+02    1.35156e+02    8.31872e+01   -8.53985e+02   -1.54099e+01
694     2.08028e+02    1.53455e+02    8.23734e+01   -8.39005e+02   -1.54299e+01
695     2.13336e+02    1.50363e+02    8.16541e+01   -8.49753e+02   -1.51000e+01
696     1.84475e+02    1.53840e+02    7.54157e+01   -8.48349e+02   -1.48204e+01
697     1.85369e+02    1.50237e+02    7.27098e+01   -8.50837e+02   -1.46398e+01
698     2.08259e+02    1.62195e+02    7.16021e+01   -8.53612e+02   -1.49604e+01
699     2.07289e+02    1.46097e+02    6.70182e+01   -8.71678e+02   -1.39867e+01
700     2.07750e+02    1.73497e+02    8.27747e+01   -8.64751e+02   -1.41900e+01
701     2.14286e+02    1.57357e+02    7.84648e+01   -8.51440e+02   -1.36423e+01
702     1.95456e+02    1.46982e+02    7.29242e+01   -8.76734e+02   -1.29975e+01
703     1.92152e+02    1.53265e+02    7.49968e+01   -8.78756e+02   -1.46586e+01
704     2.04579e+02    1.69610e+02    8.32446e+01   -8.58812e+02   -1.41682e+01
705     2.12142e+02    1.32364e+02    8.33370e+01   -8.71293e+02   -1.46433e+01
706     1.99277e+02    1.66207e+02    9.33420e+01   -8.70056e+02   -1.66465e+01
707     1.77745e+02    1.59728e+02    8.61143e+01   -8.60935e+02   -1.79152e+01
708     1.99321e+02    1.54330e+02    8.51614e+01   -8.76003e+02   -1.83001e+01
709     2.01147e+02    1.65845e+02    8.89821e+01   -8.57114e+02   -1.63953e+01
710     1.92472e+02    1.37356e+02    7.71794e+01   -8.73645e+02   -1.77707e+01
711     1.93287e+02    1.61318e+02    8.78283e+01   -8.76706e+02   -1.66846e+01
712     2.11533e+02    1.55858e+02    8.55257e+01   -8.57285e+02   -1.52735e+01
713     1.99358e+02    1.52021e+02    8.57228e+01   -8.73407e+02   -1.37789e+01
714     1.99183e+02    1.42528e+02    8.21986e+01   -8.83931e+02   -1.33186e+01
715     2.17711e+02    1.66572e+02    8.78590e+01   -8.84082e+02   -1.33338e+01
716     1.94756e+02    1.57857e+02    7.51647e+01   -8.93015e+02   -1.47538e+01
717     2.04082e+02    1.68426e+02    9.22673e+01   -8.57988e+02   -1.42999e+01
718     2.21887e+02    1.48877e+02    8.62766e+01   -8.72521e+02   -1.25097e+01
719     1.86842e+02    1.64244e+02    7.99915e+01   -9.00678e+02   -1.14042e+01
720     1.95661e+02    1.64487e+02    6.99451e+01   -9.09722e+02   -1.13708e+01
721     1.83654e+02    1.54863e+02    7.55342e+01   -8.98988e+02   -1.17175e+01
722     2.10473e+02    1.73823e+02    9.24811e+01   -8.92222e+02   -1.35133e+01
723     2.12701e+02    1.48169e+02    8.79862e+01   -9.04216e+02   -1.26325e+01
724     2.21745e+02    1.44079e+02    8.20353e+01   -8.96266e+02   -1.30228e+01
725     1.98898e+02    1.51742e+02    8.65586e+01   -8.89729e+02   -1.32440e+01
726     2.07809e+02    1.49084e+02    9.18953e+01   -8.79870e+02   -1.43701e+01
727     2.08930e+02    1.65634e+02    7.93178e+01   -9.12574e+02   -1.46902e+01
728     2.07295e+02    1.52799e+02    7.64905e+01   -8.94935e+02   -1.44398e+01
729     2.01081e+02    1.51623e+02    8.71805e+01   -9.03720e+02   -1.52201e+01
730     2.06797e+02    1.41105e+02    9.30385e+01   -8.77201e+02   -1.65599e+01
731     1.95676e+02    1.67005e+02    9.36527e+01   -8.65737e+02   -1.48411e+01
732     1.98099e+02    1.46760e+02    8.52790e+01   -8.77316e+02   -1.61960e+01
733     2.13896e+02    1.59585e+02    8.28405e+01   -8.73446e+02   -1.71083e+01
734     2.06163e+02    1.53131e+02    8.09716e+01   -8.94432e+02   -1.78184e+01
735     2.11605e+02    1.58121e+02    9.00840e+01   -8.89629e+02   -1.78491e+01
736     2.06429e+02    1.61642e+02    7.24663e+01   -9.12475e+02   -1.65001e+01
737     1.98235e+02    1.69626e+02    7.92655e+01   -8.88746e+02   -1.58644e+01
738     1.95125e+02    1.65673e+02    7.94171e+01   -8.70540e+02   -1.46104e+01
739     2.15894e+02    1.59613e+02    8.51576e+01   -8.97230e+02   -1.33780e+01
740     1.97726e+02    1.64120e+02    7.44204e+01   -8.88892e+02   -1.31372e+01
741     2.07484e+02    1.53711e+02    8.59929e+01   -8.89806e+02   -1.31289e+01
742     2.06923e+02    1.45584e+02    7.71547e+01   -8.80849e+02   -1.38405e+01
743     2.06988e+02    1.53048e+02    7.69408e+01   -8.71952e+02   -1.31888e+01
744     2.00864e+02    1.74778e+02    7.43817e+01   -9.31200e+02   -1.44194e+01
745     2.06037e+02    1.56842e+02    7.03791e+01   -9.18377e+02   -1.38261e+01
746     1.93722e+02    1.66317e+02    8.27814e+01   -8.82344e+02   -1.40710e+01
747     2.02239e+02    1.68976e+02    7.34350e+01   -8.93714e+02   -1.22416e+01
748     2.08563e+02    1.49224e+02    7.55921e+01   -8.72582e+02   -1.26775e+01
749     2.01440e+02    1.51808e+02    8.22765e+01   -8.63223e+02   -1.46489e+01
750     2.05494e+02    1.63983e+02    8.37777e+01   -8.65303e+02   -1.59963e+01
751     1.93340e+02    1.47676e+02    8.35520e+01   -8.73173e+02   -1.45387e+01
752     1.95929e+02    1.47678e+02    7.95743e+01   -8.89910e+02   -1.65326e+01
753     2.10529e+02    1.55654e+02    7.65700e+01   -9.09398e+02   -1.57502e+01
754     2.00183e+02    1.35222e+02    8.51441e+01   -9.02500e+02   -1.50762e+01
755     2.00826e+02    1.43584e+02    8.46396e+01   -9.05909e+02   -1.45192e+01
756     1.92194e+02    1.54073e+02    8.92266e+01   -8.97641e+02   -2.07294e+01
757     1.99389e+02    1.46299e+02    8.56211e+01   -8.72342e+02   -1.53575e+01
758     1.88393e+02    1.41851e+02    8.28698e+01   -8.76917e+02   -2.16478e+01
759     2.07090e+02    1.37495e+02    7.59162e+01   -8.82654e+02   -1.88563e+01
760     2.02379e+02    1.51710e+02    8.05235e+01   -8.86491e+02   -1.89097e+01
761     2.08094e+02    1.45948e+02    8.28981e+01   -9.05397e+02   -1.76272e+01
762     2.11787e+02    1.75297e+02    8.31587e+01   -9.02635e+02   -1.78235e+01
763     1.96608e+02    1.73418e+02    8.29086e+01   -8.88090e+02   -1.65002e+01
764     2.05367e+02    1.46336e+02    8.22581e+01   -8.77501e+02   -1.80077e+01
765     1.93320e+02    1.65303e+02    8.07480e+01   -9.25170e+02   -1.66763e+01
766     2.20373e+02    1.59746e+02    8.27737e+01   -8.92132e+02   -1.62198e+01
767     2.12646e+02    1.51652e+02    8.14421e+01   -8.82919e+02   -1.63667e+01
768     2.04944e+02    1.76762e+02    8.07408e+01   -8.91798e+02   -1.38239e+01
769     1.97290e+02    1.40197e+02    8.00894e+01   -9.11492e+02   -1.47853e+01
770     2.18465e+02    1.63687e+02    7.91690e+01   -9.13047e+02   -1.44221e+01
771     2.20665e+02    1.70136e+02    8.19514e+01   -9.06203e+02   -1.33624e+01
772     2.00978e+02    1.59945e+02    7.64706e+01   -9.07496e+02   -1.51740e+01
773     2.05342e+02    1.54330e+02    7.61470e+01   -8.87698e+02   -1.78749e+01
774     1.96014e+02    1.62309e+02    7.49279e+01   -8.88150e+02   -1.68967e+01
775     1.99057e+02    1.37372e+02    7.84978e+01   -8.94518e+02   -1.63462e+01
776     2.01607e+02    1.48981e+02    6.88222e+01   -8.93509e+02   -1.49790e+01
777     2.13529e+02    1.50186e+02    6.90085e+01   -8.72408e+02   -1.73601e+01
778     2.01422e+02    1.51895e+02    8.08083e+01   -8.98792e+02   -1.72709e+01
779     2.20196e+02    1.34382e+02    8.06934e+01   -8.84895e+02   -1.67949e+01
780     1.97840e+02    1.40674e+02    7.57042e+01   -8.96701e+02   -1.87268e+01
781     2.07994e+02    1.39250e+02    7.84195e+01   -8.99945e+02   -1.71660e+01
782     1.98260e+02    1.68827e+02    8.42766e+01   -9.02915e+02   -1.90467e+01
783     2.05212e+02    1.46651e+02    7.49017e+01   -9.01190e+02   -2.06478e+01
784     2.04820e+02    1.50769e+02    8.31341e+01   -9.06181e+02   -2.44203e+01
785     2.19962e+02    1.67620e+02    8.49413e+01   -8.92122e+02   -2.45092e+01
786     2.20740e+02    1.58225e+02    7.85091e+01   -8.61576e+02   -2.38685e+01
787     2.11635e+02    1.50866e+02    7.95634e+01   -8.87287e+02   -1.86831e+01
788     2.08191e+02    1.50807e+02    9.07451e+01   -8.93788e+02   -2.36438e+01
789     2.05226e+02    1.50356e+02    8.94521e+01   -8.61938e+02   -2.13858e+01
790     2.04893e+02    1.52604e+02    9.56962e+01   -8.66099e+02   -1.95350e+01
791     1.88337e+02    1.49648e+02    9.91936e+01   -8.73258e+02   -1.83314e+01
792     1.96772e+02    1.45520e+02    8.69417e+01   -8.58010e+02   -1.79747e+01
793     2.05069e+02    1.52027e+02    9.14196e+01   -8.66662e+02   -1.79515e+01
794     2.19571e+02    1.54466e+02    9.01299e+01   -8.70061e+02   -1.79271e+01
795     2.07062e+02    1.58118e+02    9.65475e+01   -8.68859e+02   -1.77947e+01
796     1.92299e+02    1.44850e+02    9.28293e+01   -8.82445e+02   -1.63141e+01
797     1.89855e+02    1.47927e+02    9.52555e+01   -8.59722e+02   -1.90644e+01
798     1.94034e+02    1.58304e+02    9.48605e+01   -8.51098e+02   -1.93540e+01
799     1.94186e+02    1.45714e+02    9.21515e+01   -8.45346e+02   -1.83645e+01
800     1.99133e+02    1.68485e+02    8.06585e+01   -8.70021e+02   -1.87949e+01
801     2.12419e+02    1.53050e+02    7.41866e+01   -8.80685e+02   -1.67536e+01
802     1.91154e+02    1.62614e+02    7.52421e+01   -8.81906e+02   -1.42416e+01
803     2.01630e+02    1.52936e+02    8.99534e+01   -8.35610e+02   -1.32389e+01
804     1.90906e+02    1.53281e+02    9.14458e+01   -8.54464e+02   -1.14011e+01
805     1.72387e+02    1.60720e+02    7.28047e+01   -8.52411e+02   -1.28330e+01
806     1.84878e+02    1.57068e+02    8.85757e+01   -8.47489e+02   -1.54249e+01
807     1.88429e+02    1.70488e+02    9.14790e+01   -8.48355e+02   -1.47039e+01
808     2.14801e+02    1.50046e+02    8.50281e+01   -8.66749e+02   -1.42804e+01
809     1.89879e+02    1.44236e+02    8.29294e+01   -8.59587e+02   -1.59822e+01
810     1.92616e+02    1.53678e+02    8.53806e+01   -8.67681e+02   -1.82357e+01
811     2.13399e+02    1.45560e+02    8.66294e+01   -8.35218e+02   -2.23903e+01
812     1.89365e+02    1.55563e+02    9.54188e+01   -8.31915e+02   -2.21935e+01
813     1.88564e+02    1.49581e+02    9.12760e+01   -8.80194e+02   -2.22118e+01
814     1.81212e+02    1.48043e+02    8.76805e+01   -8.58403e+02   -2.29483e+01
815     1.97901e+02    1.52358e+02    8.64109e+01   -8.60169e+02   -2.52485e+01
816     1.92353e+02    1.44493e+02    9.96025e+01   -8.59599e+02   -2.52253e+01
817     2.09995e+02    1.53131e+02    9.13122e+01   -8.53659e+02   -2.12901e+01
818     2.01038e+02    1.61333e+02    9.43965e+01   -8.59554e+02   -2.14042e+01
819     1.99589e+02    1.71642e+02    9.74549e+01   -8.74271e+02   -2.03217e+01
820     1.93233e+02    1.62047e+02    8.72295e+01   -8.89100e+02   -1.69286e+01
821     2.05417e+02    1.49410e+02    7.63386e+01   -8.74535e+02   -1.96744e+01
822     1.96829e+02    1.68329e+02    8.11616e+01   -8.81391e+02   -1.94000e+01
823     2.12201e+02    1.52237e+02    8.28375e+01   -8.64206e+02   -2.04760e+01
824     2.10322e+02    1.46914e+02    8.01728e+01   -8.64788e+02   -2.04649e+01
825     2.13557e+02    1.59878e+02    7.49872e+01   -8.76086e+02   -1.72434e+01
826     2.18615e+02    1.68801e+02    7.29071e+01   -8.94017e+02   -2.07726e+01
827     2.12771e+02    1.41427e+02    8.50008e+01   -8.67863e+02   -1.87516e+01
828     2.06644e+02    1.45290e+02    8.50671e+01   -8.59608e+02   -1.85048e+01
829     2.29229e+02    1.39229e+02    7.82549e+01   -8.95046e+02   -1.61415e+01
830     2.01916e+02    1.63831e+02    7.72673e+01   -8.98929e+02   -1.92110e+01
831     2.02253e+02    1.43913e+02    7.78208e+01   -8.79714e+02   -1.84106e+01
832     2.03317e+02    1.54078e+02    7.68138e+01   -8.59426e+02   -1.84224e+01
833     2.02465e+02    1.46915e+02    7.90490e+01   -8.60459e+02   -1.98026e+01
834     1.88626e+02    1.52135e+02    8.37296e+01   -8.89270e+02   -2.15543e+01
835     1.76763e+02    1.49576e+02    9.72953e+01   -8.73955e+02   -2.20511e+01
836     1.96910e+02    1.48795e+02    7.88970e+01   -8.59802e+02   -2.12694e+01
837     1.80928e+02    1.51173e+02    7.70737e+01   -8.73312e+02   -2.09719e+01
838     2.04727e+02    1.61402e+02    7.51299e+01   -8.64451e+02   -1.95764e+01
839     2.11287e+02    1.50981e+02    8.16640e+01   -8.89668e+02   -1.92124e+01
840     1.94638e+02    1.58782e+02    8.26282e+01   -8.88382e+02   -1.94559e+01
841     2.01894e+02    1.37768e+02    8.32708e+01   -8.91545e+02   -2.08637e+01
842     1.97491e+02    1.52846e+02    7.45608e+01   -8.79998e+02   -2.16871e+01
843     2.07402e+02    1.63803e+02    7.71470e+01   -8.62443e+02   -1.81051e+01
844     1.73535e+02    1.61553e+02    8.82299e+01   -8.62790e+02   -1.99057e+01
845     2.11397e+02    1.53638e+02    8.16389e+01   -8.77139e+02   -1.13709e+01
846     2.12486e+02    1.46010e+02    9.02104e+01   -8.75235e+02   -2.07403e+01
847     1.98663e+02    1.71609e+02    8.00410e+01   -8.63933e+02   -2.06382e+01
848     1.93381e+02    1.67919e+02    8.47347e+01   -8.71801e+02   -2.23139e+01
849     1.87823e+02    1.40396e+02    7.07573e+01   -8.99799e+02   -2.23305e+01
850     1.88680e+02    1.59374e+02    7.93676e+01   -8.62395e+02   -2.23690e+01
851     1.94048e+02    1.38854e+02    8.29783e+01   -8.79833e+02   -2.14238e+01
852     2.15834e+02    1.54460e+02    7.92210e+01   -8.60569e+02   -2.11591e+01
853     2.09291e+02    1.44726e+02    8.56781e+01   -8.59439e+02   -2.03459e+01
854     1.90003e+02    1.53951e+02    8.55940e+01   -8.70881e+02   -2.11269e+01
855     2.09207e+02    1.49571e+02    8.30234e+01   -8.78968e+02   -1.93886e+01
856     2.11294e+02    1.57689e+02    9.15850e+01   -8.74574e+02   -2.12471e+01
857     1.98364e+02    1.45789e+02    9.05648e+01   -8.95834e+02   -1.84755e+01
858     1.80066e+02    1.43322e+02    9.32410e+01   -9.10470e+02   -1.84704e+01
859     2.17204e+02    1.48260e+02    7.96961e+01   -8.97520e+02   -1.87886e+01
860     1.99948e+02    1.49219e+02    8.12164e+01   -8.89173e+02   -1.86213e+01
861     2.06896e+02    1.48734e+02    7.78418e+01   -8.88105e+02   -1.79632e+01
862     1.91514e+02    1.55418e+02    7.50115e+01   -8.87966e+02   -1.92135e+01
863     2.01359e+02    1.46796e+02    7.64503e+01   -8.81217e+02   -2.13938e+01
864     2.01825e+02    1.45500e+02    8.41933e+01   -8.78323e+02   -2.08314e+01
865     2.01071e+02    1.45416e+02    7.75374e+01   -8.82680e+02   -1.96730e+01
866     2.10989e+02    1.58003e+02    7.23903e+01   -9.00829e+02   -2.06994e+01
867     1.93378e+02    1.51170e+02    8.09689e+01   -8.96531e+02   -2.16174e+01
868     1.84305e+02    1.34844e+02    7.70719e+01   -8.89356e+02   -1.93186e+01
869     1.97167e+02    1.53566e+02    8.15284e+01   -8.75589e+02   -1.88423e+01
870     1.95866e+02    1.55228e+02    7.47460e+01   -8.99912e+02   -1.65044e+01
871     2.06512e+02    1.63171e+02    7.57670e+01   -9.05823e+02   -1.77406e+01
872     2.03888e+02    1.47125e+02    7.93210e+01   -8.91695e+02   -1.77907e+01
873     2.03195e+02    1.48834e+02    7.69297e+01   -8.93433e+02   -2.09948e+01
874     1.91107e+02    1.37047e+02    7.66496e+01   -8.69266e+02   -2.17961e+01
875     1.90665e+02    1.47215e+02    7.47889e+01   -8.93068e+02   -1.75666e+01
876     1.90661e+02    1.45455e+02    7.12025e+01   -8.82055e+02   -1.75824e+01
877     2.05542e+02    1.62834e+02    7.88515e+01   -8.60862e+02   -1.57437e+01
878     1.95805e+02    1.50069e+02    8.06633e+01   -8.70710e+02   -1.65867e+01
879     1.87707e+02    1.54161e+02    8.18199e+01   -8.84170e+02   -1.62235e+01
880     1.72356e+02    1.34798e+02    8.58882e+01   -8.82124e+02   -1.70652e+01
881     1.84435e+02    1.45351e+02    7.84591e+01   -8.76675e+02   -1.58069e+01
882     1.69740e+02    1.49902e+02    7.68476e+01   -8.64143e+02   -1.89617e+01
883     1.92015e+02    1.48699e+02    7.06956e+01   -8.82227e+02   -1.87819e+01
884     2.03806e+02    1.38407e+02    7.00154e+01   -8.79638e+02   -1.93471e+01
885     2.01669e+02    1.49026e+02    6.96067e+01   -9.04129e+02   -1.72263e+01
886     1.93393e+02    1.51112e+02    6.82318e+01   -9.23236e+02   -1.91481e+01
887     2.05208e+02    1.32987e+02    6.28237e+01   -9.28444e+02   -1.86243e+01
888     1.98330e+02    1.39639e+02    6.34999e+01   -9.25570e+02   -1.87383e+01
889     2.09485e+02    1.54264e+02    6.78997e+01   -9.06243e+02   -1.76031e+01
890     1.97899e+02    1.41229e+02    6.89495e+01   -9.14002e+02   -1.74449e+01
891     1.95634e+02    1.32659e+02    7.43887e+01   -8.99935e+02   -1.69035e+01
892     2.12282e+02    1.53932e+02    7.79464e+01   -9.08078e+02   -1.70874e+01
893     2.00607e+02    1.44483e+02    7.18708e+01   -9.01024e+02   -1.83571e+01
894     1.98279e+02    1.43246e+02    7.63951e+01   -9.00172e+02   -1.68470e+01
895     1.97613e+02    1.39380e+02    7.32769e+01   -8.99912e+02   -1.72126e+01
896     1.90415e+02    1.41164e+02    6.85660e+01   -9.15158e+02   -1.97545e+01
897     1.99941e+02    1.38599e+02    7.14672e+01   -9.16806e+02   -1.95202e+01
898     2.06098e+02    1.40298e+02    8.60060e+01   -8.92042e+02   -1.75220e+01
899     2.03305e+02    1.37978e+02    7.76034e+01   -8.89791e+02   -1.78132e+01
900     2.11674e+02    1.53475e+02    7.05843e+01   -8.98675e+02   -1.79251e+01
901     1.85399e+02    1.33971e+02    7.21472e+01   -9.03615e+02   -1.82811e+01
902     1.94096e+02    1.50809e+02    6.98486e+01   -9.03089e+02   -1.97814e+01
903     2.19070e+02    1.70652e+02    6.97450e+01   -9.14159e+02   -1.95252e+01
904     1.94321e+02    1.27446e+02    7.35322e+01   -9.04229e+02   -1.94431e+01
905     1.88426e+02    1.51857e+02    7.50461e+01   -8.93375e+02   -1.70503e+01
906     1.91337e+02    1.35496e+02    6.39638e+01   -9.23245e+02   -1.81511e+01
907     1.83967e+02    1.44359e+02    7.01725e+01   -9.10252e+02   -1.96288e+01
908     1.92137e+02    1.41520e+02    7.12666e+01   -9.02648e+02   -2.11161e+01
909     1.73731e+02    1.40832e+02    6.12667e+01   -9.21025e+02   -1.84904e+01
910     1.95559e+02    1.49766e+02    6.49659e+01   -9.02836e+02   -1.89860e+01
911     1.97446e+02    1.35260e+02    7.25934e+01   -9.23157e+02   -1.70609e+01
912     2.09649e+02    1.55085e+02    7.16693e+01   -9.20547e+02   -1.76292e+01
913     2.23702e+02    1.70769e+02    6.91284e+01   -9.16265e+02   -1.76087e+01
914     2.04772e+02    1.44859e+02    6.48203e+01   -9.06499e+02   -1.66351e+01
915     2.24189e+02    1.67279e+02    6.45717e+01   -9.20295e+02   -1.61102e+01
916     2.17527e+02    1.26226e+02    6.85484e+01   -9.12657e+02   -1.71132e+01
917     2.22735e+02    1.62448e+02    7.00052e+01   -9.17297e+02   -1.75246e+01
918     2.06012e+02    1.46231e+02    6.28266e+01   -9.01146e+02   -1.46227e+01
919     2.12472e+02    1.38519e+02    6.33744e+01   -9.22933e+02   -1.60432e+01
920     2.20688e+02    1.34928e+02    6.60422e+01   -9.12241e+02   -1.64717e+01
921     2.02141e+02    1.59813e+02    7.29761e+01   -9.38227e+02   -1.69224e+01
922     2.06503e+02    1.54247e+02    7.19859e+01   -9.32168e+02   -1.74453e+01
923     2.04659e+02    1.44487e+02    6.77353e+01   -9.43594e+02   -1.85564e+01
924     2.11413e+02    1.60282e+02    6.71476e+01   -9.20104e+02   -1.60768e+01
925     1.94462e+02    1.31591e+02    6.66485e+01   -9.21171e+02   -1.57211e+01
926     1.87404e+02    1.63239e+02    6.52435e+01   -8.98165e+02   -1.21248e+01
927     1.97770e+02    1.38698e+02    7.64086e+01   -9.15232e+02   -1.39281e+01
928     1.98489e+02    1.34961e+02    7.32486e+01   -9.04138e+02   -1.50219e+01
929     2.26374e+02    1.34388e+02    6.85712e+01   -8.93967e+02   -1.54476e+01
930     1.96843e+02    1.40251e+02    7.30197e+01   -8.93330e+02   -1.07178e+01
931     1.94797e+02    1.26395e+02    7.16216e+01   -9.10463e+02   -1.33460e+01
932     2.05660e+02    1.40327e+02    7.85600e+01   -8.93725e+02   -1.28342e+01
933     1.95381e+02    1.27918e+02    6.98627e+01   -9.13889e+02   -1.41933e+01
934     2.00307e+02    1.50180e+02    7.05342e+01   -9.06709e+02   -1.41536e+01
935     2.03657e+02    1.34657e+02    7.59482e+01   -9.31862e+02   -1.46117e+01
936     2.00187e+02    1.34335e+02    7.33967e+01   -9.11907e+02   -1.51059e+01
937     2.03183e+02    1.35154e+02    7.19591e+01   -8.89298e+02   -1.70983e+01
938     2.02520e+02    1.30404e+02    7.84338e+01   -9.02999e+02   -1.69565e+01
939     2.00257e+02    1.41626e+02    7.78029e+01   -9.15347e+02   -2.14676e+01
940     2.09558e+02    1.35263e+02    7.00020e+01   -8.96799e+02   -2.08081e+01
941     1.97311e+02    1.53095e+02    8.49023e+01   -8.94381e+02   -2.18487e+01
942     2.07989e+02    1.37361e+02    8.95101e+01   -8.81031e+02   -2.15466e+01
943     1.88051e+02    1.52902e+02    8.95810e+01   -8.76399e+02   -2.14806e+01
944     1.84045e+02    1.41015e+02    8.23089e+01   -9.24661e+02   -2.13350e+01
945     1.86468e+02    1.50871e+02    7.99398e+01   -9.10629e+02   -2.00127e+01
946     1.84118e+02    1.41104e+02    7.78432e+01   -9.20848e+02   -1.84671e+01
947     1.99620e+02    1.37809e+02    8.60952e+01   -8.93300e+02   -1.71584e+01
948     1.96632e+02    1.56443e+02    8.62379e+01   -8.88874e+02   -1.87691e+01
949     2.09428e+02    1.56053e+02    8.66934e+01   -8.82245e+02   -2.00958e+01
950     2.03614e+02    1.41236e+02    7.26735e+01   -9.06606e+02   -1.69950e+01
951     2.20614e+02    1.47571e+02    7.95319e+01   -9.06330e+02   -1.92517e+01
952     2.06046e+02    1.65506e+02    8.76784e+01   -8.84437e+02   -1.86525e+01
953     2.10412e+02    1.39438e+02    7.97176e+01   -8.90023e+02   -2.02240e+01
954     2.31375e+02    1.40585e+02    8.77695e+01   -8.73595e+02   -1.69937e+01
955     2.10211e+02    1.32233e+02    8.51545e+01   -8.95962e+02   -2.15899e+01
956     2.13324e+02    1.30584e+02    8.52093e+01   -8.97267e+02   -2.08550e+01
957     1.92700e+02    1.38697e+02    9.28437e+01   -9.03592e+02   -1.98503e+01
958     2.02075e+02    1.30677e+02    8.62422e+01   -8.90829e+02   -1.96555e+01
959     2.01761e+02    1.30252e+02    7.67586e+01   -8.86456e+02   -2.16281e+01
960     2.05052e+02    1.38847e+02    7.94788e+01   -8.81213e+02   -2.39375e+01
961     2.10460e+02    1.39492e+02    8.16565e+01   -8.92452e+02   -2.06685e+01
962     2.16420e+02    1.50083e+02    8.71992e+01   -8.94662e+02   -1.82049e+01
963     2.02133e+02    1.71354e+02    9.12285e+01   -8.81746e+02   -2.01346e+01
964     1.98112e+02    1.42047e+02    8.25430e+01   -9.05735e+02   -1.73875e+01
965     1.94505e+02    1.44694e+02    9.13649e+01   -8.90883e+02   -1.86933e+01
966     2.04203e+02    1.50605e+02    9.04847e+01   -8.82226e+02   -1.85535e+01
967     2.07145e+02    1.62084e+02    8.02909e+01   -8.96805e+02   -1.85414e+01
968     2.00743e+02    1.48619e+02    8.15751e+01   -9.16599e+02   -1.85891e+01
969     2.23689e+02    1.59424e+02    8.39718e+01   -9.08116e+02   -2.04559e+01
970     2.04509e+02    1.37517e+02    7.43530e+01   -8.98539e+02   -2.09422e+01
971     2.33768e+02    1.38315e+02    8.36361e+01   -8.93439e+02   -2.18695e+01
972     2.09148e+02    1.39805e+02    8.37267e+01   -8.93846e+02   -2.05568e+01
973     2.25230e+02    1.49122e+02    8.30832e+01   -8.76559e+02   -2.10278e+01
974     2.19138e+02    1.37559e+02    8.73038e+01   -8.91361e+02   -1.92758e+01
975     2.26794e+02    1.23749e+02    8.72237e+01   -8.65294e+02   -2.05576e+01
976     2.03111e+02    1.28513e+02    8.73755e+01   -8.66520e+02   -2.06067e+01
977     2.05648e+02    1.41474e+02    8.08006e+01   -9.02056e+02   -1.69753e+01
978     2.09933e+02    1.39953e+02    8.28254e+01   -9.22307e+02   -1.52704e+01
979     2.03898e+02    1.33049e+02    8.28305e+01   -9.08532e+02   -1.64396e+01
980     2.03183e+02    1.38441e+02    7.82401e+01   -9.01160e+02   -1.84329e+01
981     2.09228e+02    1.26670e+02    7.81920e+01   -8.75201e+02   -1.57743e+01
982     1.87608e+02    1.60571e+02    8.74392e+01   -8.98246e+02   -1.58120e+01
983     1.98538e+02    1.43040e+02    8.54812e+01   -9.15982e+02   -1.56755e+01
984     2.14895e+02    1.38480e+02    8.61950e+01   -9.20005e+02   -1.66425e+01
985     2.37272e+02    1.65181e+02    8.06700e+01   -9.10053e+02   -1.51905e+01
986     2.09838e+02    1.30706e+02    8.02128e+01   -8.89393e+02   -1.84252e+01
987     2.06880e+02    1.56499e+02    7.87070e+01   -9.03055e+02   -1.76288e+01
988     2.18655e+02    1.47052e+02    7.66349e+01   -9.28224e+02   -1.93176e+01
989     2.08083e+02    1.40193e+02    6.41849e+01   -9.06127e+02   -1.95512e+01
990     2.13533e+02    1.50902e+02    6.98899e+01   -9.32678e+02   -1.93867e+01
991     1.97242e+02    1.46033e+02    7.24503e+01   -8.98367e+02   -1.82364e+01
992     2.23738e+02    1.65559e+02    7.13345e+01   -9.11886e+02   -1.68929e+01
993     2.14770e+02    1.43103e+02    6.91682e+01   -9.08642e+02   -1.41060e+01
994     2.27184e+02    1.54232e+02    8.18884e+01   -8.92143e+02   -1.49022e+01
995     2.00323e+02    1.73461e+02    7.39545e+01   -9.05141e+02   -1.46470e+01
996     2.06267e+02    1.43153e+02    7.56093e+01   -9.09782e+02   -1.38100e+01
997     1.90373e+02    1.40514e+02    7.82388e+01   -9.00165e+02   -1.52625e+01
998     1.95629e+02    1.40503e+02    8.70737e+01   -9.00092e+02   -1.65769e+01
999     2.25109e+02    1.49214e+02    8.53848e+01   -8.93393e+02   -1.65549e+01
1000     2.26899e+02    1.44174e+02    8.58280e+01   -8.78883e+02   -1.45754e+01
1001     1.96109e+02    1.45360e+02    8.45247e+01   -8.86693e+02   -1.44575e+01
