1 -1292.8878079526195961079793051
2 -1081.4631316882087048725225031
3 -1027.2801965196802029822720215
4 -1007.5427816892944292703759857
5 -966.3814791199512228558887728
6 -977.3898274176682434699614532
7 -977.7120630721489078496233560
8 -940.4737271043015880422899500
9 -976.0329522228737459954572842
10 -918.6027639385780503289424814
11 -905.0934821014344606737722643
12 -914.3890685371217159627121873
13 -890.7199996081376411893870682
14 -882.0413393785746620778809302
15 -909.4399074005940519782598130
16 -936.0254324358641042636008933
17 -908.3157807145955757732735947
18 -903.7843149888269635994220152
19 -882.3948434061197758637717925
20 -882.6962339951611511423834600
21 -924.4951964822070067384629510
22 -909.1587653404412776581011713
23 -904.0965431506155027818749659
24 -919.8044328630030577187426388
25 -929.2814628445053131144959480
26 -922.7433515772992222991888411
27 -928.9347065846487794260610826
28 -903.1711941740497877617599443
29 -884.6036721332376373538863845
30 -895.9867417969626330886967480
31 -917.5271707422357394534628838
32 -931.3188888745129361268482171
33 -933.4682126880966279713902622
34 -926.0229881548442563143908046
35 -912.7866646591400012766825967
36 -929.3201627753080629190662876
37 -947.7626206335950200809747912
38 -938.0094334989771596156060696
39 -941.7899304583498860665713437
40 -935.9369785522421807399950922
41 -940.7554083302050003112526610
42 -914.7131966529525470832595602
43 -935.0013993470562354559660889
44 -921.3225018834314141713548452
45 -920.5613080689786329458002001
46 -950.7950103469812574985553510
47 -930.3704941997877995163435116
48 -926.6778481067236725721159019
49 -891.8295767875835053928312846
50 -902.7095361924671124143060297
51 -923.1126155536875330653856508
52 -929.6025781888336041447473690
53 -902.3793358135533253516769037
54 -924.1874362843822154900408350
55 -917.0501543657077263560495339
56 -924.9271880612755012407433242
57 -929.7739099156392512668389827
58 -926.0764737221794575816602446
59 -907.6406070094511733259423636
60 -901.3986960710778930661035702
61 -913.4750987852717116766143590
62 -917.5173286046303928742418066
63 -918.9243036298995548349921592
64 -903.9628673800488058986957185
65 -895.5687638351640771361417137
66 -934.1105333952458522617234848
67 -926.5343573426318926067324355
68 -900.6249067598373585497029126
69 -908.7186202247731898751226254
70 -882.9919514689701145471190102
71 -864.8210439903141377726569772
72 -893.2362211216332070762291551
73 -910.4923748159980050331796519
74 -880.2686822452490105206379667
75 -903.2024508860899913997855037
76 -887.7976859189280958162271418
77 -922.9967052866253425236209296
78 -919.6982589821674309860100038
79 -916.9780120020932372426614165
80 -891.6693532484030129126040265
81 -897.2866144998934032628312707
82 -857.4390837202197417354909703
83 -894.4166634835726199526106939
84 -898.1540573802717517537530512
85 -912.4325667544808311504311860
86 -901.1706449378704064656631090
87 -906.2061333234678386361338198
88 -923.6190557849056403938448057
89 -892.6849481010726776730734855
90 -916.6906469194722149040899239
91 -922.0653701076894321886356920
92 -940.5067174200620456758770160
93 -955.1784883516323816365911625
94 -923.9405304109606049678404815
95 -916.3964323190559753129491583
96 -925.6974853040368316214880906
97 -913.2339194992980537790572271
98 -915.4377046116289875499205664
99 -891.1156913164288653206313029
100 -916.9037723095227647718274966
101 -901.2829206362247305150958709
